% * Sample: NJW0281G
% * Date / time: 2022-12-31 16:03:09.746968
% * R2CONTROL = 1000.0 Ohm
% Column 1:  PSU1 nominal voltage setting (V)
% Column 2:  PSU1 nominal current setting (A)
% Column 3:  PSU1 voltage measurement (V)
% Column 4:  PSU1 current measurement (I)
% Column 5:  PSU1 limiter flag
% Column 6:  PSU2 nominal voltage setting (V)
% Column 7:  PSU2 nominal current setting (A)
% Column 8:  PSU2 voltage measurement (V)
% Column 9:  PSU2 current measurement (I)
% Column 10: PSU2 limiter flag
% Column 11: Heaterblock temperature (°C)
% * OPERATING POINT AT END OF PREHEAT / IDLE: U0 = 12.000 V  I0 = 0.999 A  Uc = 9.354 V  Ic = 0.007 A  T = 50.38 °C
0.000 5.000 0.000 0.000 0 0.700 1.000 0.700 0.002 0 50.56
0.500 5.000 0.500 0.019 0 0.700 1.000 0.700 0.002 0 50.56
1.000 5.000 1.000 0.018 0 0.700 1.000 0.700 0.002 0 50.50
1.500 5.000 1.500 0.018 0 0.700 1.000 0.700 0.002 0 50.44
2.000 5.000 2.000 0.018 0 0.700 1.000 0.700 0.002 0 50.31
2.500 5.000 2.500 0.018 0 0.700 1.000 0.700 0.002 0 50.25
3.000 5.000 3.000 0.018 0 0.700 1.000 0.700 0.002 0 50.12
3.500 5.000 3.500 0.018 0 0.700 1.000 0.700 0.002 0 50.06
4.000 5.000 4.000 0.018 0 0.700 1.000 0.700 0.002 0 50.00
4.500 5.000 4.500 0.018 0 0.700 1.000 0.700 0.002 0 49.94
5.000 5.000 5.000 0.018 0 0.700 1.000 0.700 0.002 0 49.88
5.500 5.000 5.500 0.018 0 0.700 1.000 0.700 0.002 0 49.88
6.000 5.000 6.000 0.018 0 0.700 1.000 0.700 0.002 0 49.81
6.500 5.000 6.500 0.018 0 0.700 1.000 0.700 0.002 0 49.81
7.000 5.000 7.000 0.018 0 0.700 1.000 0.700 0.002 0 49.81
7.500 5.000 7.500 0.018 0 0.700 1.000 0.700 0.002 0 49.81
8.000 5.000 8.000 0.018 0 0.700 1.000 0.700 0.002 0 49.81
8.500 5.000 8.500 0.018 0 0.700 1.000 0.700 0.002 0 49.81
9.000 5.000 9.000 0.018 0 0.700 1.000 0.700 0.002 0 49.88
9.500 5.000 9.500 0.018 0 0.700 1.000 0.700 0.002 0 49.88
10.000 5.000 10.000 0.018 0 0.700 1.000 0.700 0.002 0 49.88
10.500 5.000 10.500 0.018 0 0.700 1.000 0.700 0.002 0 49.94
11.000 5.000 11.000 0.018 0 0.700 1.000 0.700 0.002 0 49.94
11.500 5.000 11.500 0.018 0 0.700 1.000 0.700 0.002 0 49.94
12.000 5.000 12.000 0.019 0 0.700 1.000 0.700 0.002 0 50.00
12.500 5.000 12.500 0.018 0 0.700 1.000 0.700 0.002 0 50.00
13.000 5.000 13.000 0.018 0 0.700 1.000 0.700 0.002 0 50.00
13.500 5.000 13.500 0.018 0 0.700 1.000 0.700 0.002 0 50.00
14.000 5.000 14.000 0.018 0 0.700 1.000 0.700 0.002 0 50.00
14.500 5.000 14.500 0.019 0 0.700 1.000 0.700 0.002 0 50.06
15.000 5.000 15.000 0.018 0 0.700 1.000 0.700 0.002 0 50.06
15.500 5.000 15.500 0.018 0 0.700 1.000 0.700 0.002 0 50.06
16.000 5.000 16.000 0.018 0 0.700 1.000 0.700 0.002 0 50.06
16.500 5.000 16.500 0.019 0 0.700 1.000 0.700 0.002 0 50.06
17.000 5.000 17.000 0.019 0 0.700 1.000 0.700 0.002 0 50.00
17.500 5.000 17.500 0.019 0 0.700 1.000 0.700 0.002 0 50.06
18.000 5.000 18.000 0.019 0 0.700 1.000 0.700 0.002 0 50.00
18.500 5.000 18.500 0.019 0 0.700 1.000 0.700 0.002 0 50.00
19.000 5.000 19.000 0.019 0 0.700 1.000 0.700 0.002 0 50.00
19.500 5.000 19.500 0.019 0 0.700 1.000 0.700 0.002 0 50.00
20.000 5.000 20.000 0.019 0 0.700 1.000 0.700 0.002 0 50.00
20.500 4.878 20.500 0.019 0 0.700 1.000 0.700 0.002 0 50.00
21.000 4.762 21.000 0.019 0 0.700 1.000 0.700 0.002 0 50.00
21.500 4.651 21.500 0.019 0 0.700 1.000 0.700 0.002 0 50.00
22.000 4.545 22.000 0.019 0 0.700 1.000 0.700 0.002 0 50.00
22.500 4.444 22.500 0.019 0 0.700 1.000 0.700 0.002 0 50.00
23.000 4.348 23.000 0.019 0 0.700 1.000 0.700 0.002 0 50.00
23.500 4.255 23.500 0.019 0 0.700 1.000 0.700 0.002 0 50.00
24.000 4.167 24.000 0.019 0 0.700 1.000 0.700 0.002 0 50.06
24.500 4.082 24.500 0.019 0 0.700 1.000 0.700 0.002 0 50.06
25.000 4.000 25.000 0.019 0 0.700 1.000 0.700 0.002 0 50.06
25.500 3.922 25.500 0.019 0 0.700 1.000 0.700 0.002 0 50.06
26.000 3.846 26.000 0.019 0 0.700 1.000 0.700 0.002 0 50.06
26.500 3.774 26.500 0.019 0 0.700 1.000 0.700 0.002 0 50.00
27.000 3.704 27.000 0.019 0 0.700 1.000 0.700 0.002 0 50.06
27.500 3.636 27.500 0.019 0 0.700 1.000 0.700 0.002 0 50.06
28.000 3.571 28.000 0.019 0 0.700 1.000 0.700 0.002 0 50.00
28.500 3.509 28.500 0.019 0 0.700 1.000 0.700 0.002 0 50.00
29.000 3.448 29.000 0.019 0 0.700 1.000 0.700 0.002 0 50.00
29.500 3.390 29.500 0.019 0 0.700 1.000 0.700 0.002 0 50.00
30.000 3.333 30.000 0.019 0 0.700 1.000 0.700 0.002 0 50.00
30.500 3.279 30.500 0.019 0 0.700 1.000 0.700 0.002 0 50.00
31.000 3.226 31.000 0.019 0 0.700 1.000 0.700 0.002 0 50.00
31.500 3.175 31.500 0.019 0 0.700 1.000 0.700 0.002 0 50.00
32.000 3.125 32.000 0.019 0 0.700 1.000 0.700 0.002 0 50.00
32.500 3.077 32.500 0.019 0 0.700 1.000 0.700 0.002 0 50.06
33.000 3.030 33.000 0.019 0 0.700 1.000 0.700 0.002 0 50.06
33.500 2.985 33.500 0.019 0 0.700 1.000 0.700 0.002 0 50.06
34.000 2.941 34.000 0.019 0 0.700 1.000 0.700 0.002 0 50.06
34.500 2.899 34.500 0.019 0 0.700 1.000 0.700 0.002 0 50.06
35.000 2.857 35.000 0.019 0 0.700 1.000 0.700 0.002 0 50.00
35.500 2.817 35.500 0.019 0 0.700 1.000 0.700 0.002 0 50.06
36.000 2.778 36.000 0.019 0 0.700 1.000 0.700 0.002 0 50.06
36.500 2.740 36.500 0.019 0 0.700 1.000 0.700 0.002 0 50.06
37.000 2.703 37.000 0.019 0 0.700 1.000 0.700 0.002 0 50.00
37.500 2.667 37.500 0.019 0 0.700 1.000 0.700 0.002 0 50.00
38.000 2.632 38.000 0.019 0 0.700 1.000 0.700 0.002 0 50.00
38.500 2.597 38.500 0.019 0 0.700 1.000 0.700 0.002 0 50.00
39.000 2.564 39.000 0.019 0 0.700 1.000 0.700 0.002 0 50.00
39.500 2.532 39.500 0.019 0 0.700 1.000 0.700 0.002 0 50.00
40.000 2.500 40.000 0.019 0 0.700 1.000 0.700 0.002 0 50.00
40.500 2.469 40.500 0.019 0 0.700 1.000 0.700 0.002 0 50.00
41.000 2.439 41.000 0.019 0 0.700 1.000 0.700 0.002 0 50.00
41.500 2.410 41.500 0.019 0 0.700 1.000 0.700 0.002 0 50.00
42.000 2.381 42.000 0.019 0 0.700 1.000 0.700 0.002 0 50.06
42.500 2.353 42.500 0.019 0 0.700 1.000 0.700 0.002 0 50.00
43.000 2.326 43.000 0.019 0 0.700 1.000 0.700 0.002 0 50.06
43.500 2.299 43.500 0.019 0 0.700 1.000 0.700 0.002 0 50.06
44.000 2.273 44.000 0.019 0 0.700 1.000 0.700 0.002 0 50.06
44.500 2.247 44.500 0.019 0 0.700 1.000 0.700 0.002 0 50.00
45.000 2.222 45.000 0.019 0 0.700 1.000 0.700 0.002 0 50.00
45.500 2.198 45.500 0.019 0 0.700 1.000 0.700 0.002 0 50.00
46.000 2.174 46.000 0.019 0 0.700 1.000 0.700 0.002 0 50.06
46.500 2.151 46.500 0.019 0 0.700 1.000 0.700 0.002 0 50.06
47.000 2.128 47.000 0.019 0 0.700 1.000 0.700 0.002 0 50.06
47.500 2.105 47.500 0.019 0 0.700 1.000 0.700 0.002 0 50.06
48.000 2.083 48.000 0.019 0 0.700 1.000 0.700 0.002 0 50.06
48.500 2.062 48.500 0.019 0 0.700 1.000 0.700 0.002 0 50.00
49.000 2.041 49.000 0.019 0 0.700 1.000 0.700 0.002 0 50.00
49.500 2.020 49.500 0.019 0 0.700 1.000 0.700 0.002 0 50.00
50.000 2.000 50.000 0.019 0 0.700 1.000 0.700 0.002 0 50.00
50.500 1.980 50.500 0.019 0 0.700 1.000 0.700 0.002 0 50.00
51.000 1.961 51.000 0.019 0 0.700 1.000 0.700 0.002 0 50.00
51.500 1.942 51.500 0.019 0 0.700 1.000 0.700 0.002 0 50.00
52.000 1.923 52.000 0.019 0 0.700 1.000 0.700 0.002 0 50.00
52.500 1.905 52.500 0.020 0 0.700 1.000 0.700 0.002 0 50.00
53.000 1.887 53.000 0.020 0 0.700 1.000 0.700 0.002 0 50.00
53.500 1.869 53.500 0.020 0 0.700 1.000 0.700 0.002 0 50.00
54.000 1.852 54.000 0.020 0 0.700 1.000 0.700 0.002 0 50.00
54.500 1.835 54.500 0.020 0 0.700 1.000 0.700 0.002 0 50.00
55.000 1.818 55.000 0.020 0 0.700 1.000 0.700 0.002 0 50.00
55.500 1.802 55.500 0.020 0 0.700 1.000 0.700 0.002 0 50.00
56.000 1.786 56.000 0.020 0 0.700 1.000 0.700 0.002 0 50.06
56.500 1.770 56.500 0.020 0 0.700 1.000 0.700 0.002 0 50.00
57.000 1.754 57.000 0.020 0 0.700 1.000 0.700 0.002 0 50.00
57.500 1.739 57.500 0.020 0 0.700 1.000 0.700 0.002 0 50.00
58.000 1.724 58.000 0.020 0 0.700 1.000 0.700 0.002 0 50.06
58.500 1.709 58.500 0.020 0 0.700 1.000 0.700 0.002 0 50.00
59.000 1.695 59.000 0.020 0 0.700 1.000 0.700 0.002 0 50.00
59.500 1.681 59.500 0.020 0 0.700 1.000 0.700 0.002 0 50.00
60.000 1.667 60.000 0.020 0 0.700 1.000 0.700 0.002 0 50.00
0.000 5.000 0.000 0.005 0 5.700 0.877 5.700 0.005 0 50.00
0.500 5.000 0.500 0.546 0 5.700 0.877 5.700 0.005 0 50.06
1.000 5.000 1.000 0.563 0 5.700 0.877 5.700 0.005 0 50.06
1.500 5.000 1.500 0.563 0 5.700 0.877 5.700 0.005 0 50.06
2.000 5.000 2.000 0.564 0 5.700 0.877 5.700 0.005 0 50.06
2.500 5.000 2.500 0.565 0 5.700 0.877 5.700 0.005 0 50.06
3.000 5.000 3.000 0.565 0 5.700 0.877 5.700 0.005 0 50.06
3.500 5.000 3.500 0.566 0 5.700 0.877 5.700 0.005 0 50.06
4.000 5.000 4.000 0.566 0 5.700 0.877 5.700 0.005 0 50.06
4.500 5.000 4.500 0.567 0 5.700 0.877 5.700 0.005 0 50.00
5.000 5.000 5.000 0.568 0 5.700 0.877 5.700 0.005 0 50.06
5.500 5.000 5.500 0.568 0 5.700 0.877 5.700 0.005 0 50.00
6.000 5.000 6.000 0.569 0 5.700 0.877 5.700 0.005 0 50.00
6.500 5.000 6.500 0.569 0 5.700 0.877 5.700 0.005 0 50.06
7.000 5.000 7.000 0.570 0 5.700 0.877 5.700 0.005 0 50.06
7.500 5.000 7.500 0.571 0 5.700 0.877 5.700 0.005 0 50.06
8.000 5.000 8.000 0.571 0 5.700 0.877 5.700 0.005 0 50.06
8.500 5.000 8.500 0.572 0 5.700 0.877 5.700 0.005 0 50.06
9.000 5.000 9.000 0.572 0 5.700 0.877 5.700 0.005 0 50.06
9.500 5.000 9.500 0.573 0 5.700 0.877 5.700 0.005 0 50.06
10.000 5.000 10.000 0.573 0 5.700 0.877 5.700 0.005 0 50.06
10.500 5.000 10.500 0.574 0 5.700 0.877 5.700 0.005 0 50.06
11.000 5.000 11.000 0.574 0 5.700 0.877 5.700 0.005 0 50.06
11.500 5.000 11.500 0.575 0 5.700 0.877 5.700 0.005 0 50.06
12.000 5.000 12.000 0.575 0 5.700 0.877 5.700 0.005 0 50.06
12.500 5.000 12.500 0.576 0 5.700 0.877 5.700 0.005 0 50.12
13.000 5.000 13.000 0.577 0 5.700 0.877 5.700 0.005 0 50.12
13.500 5.000 13.500 0.577 0 5.700 0.877 5.700 0.005 0 50.12
14.000 5.000 14.000 0.578 0 5.700 0.877 5.700 0.005 0 50.12
14.500 5.000 14.500 0.578 0 5.700 0.877 5.700 0.005 0 50.12
15.000 5.000 15.000 0.579 0 5.700 0.877 5.700 0.005 0 50.12
15.500 5.000 15.500 0.579 0 5.700 0.877 5.700 0.005 0 50.12
16.000 5.000 16.000 0.580 0 5.700 0.877 5.700 0.005 0 50.12
16.500 5.000 16.500 0.580 0 5.700 0.877 5.700 0.005 0 50.12
17.000 5.000 17.000 0.581 0 5.700 0.877 5.700 0.005 0 50.12
17.500 5.000 17.500 0.581 0 5.700 0.877 5.700 0.005 0 50.12
18.000 5.000 18.000 0.582 0 5.700 0.877 5.700 0.005 0 50.12
18.500 5.000 18.500 0.583 0 5.700 0.877 5.700 0.005 0 50.12
19.000 5.000 19.000 0.583 0 5.700 0.877 5.700 0.005 0 50.12
19.500 5.000 19.500 0.584 0 5.700 0.877 5.700 0.005 0 50.12
20.000 5.000 20.000 0.584 0 5.700 0.877 5.700 0.005 0 50.12
20.500 4.878 20.500 0.585 0 5.700 0.877 5.700 0.005 0 50.12
21.000 4.762 21.000 0.585 0 5.700 0.877 5.700 0.005 0 50.12
21.500 4.651 21.500 0.586 0 5.700 0.877 5.700 0.005 0 50.12
22.000 4.545 22.000 0.586 0 5.700 0.877 5.700 0.005 0 50.12
22.500 4.444 22.500 0.587 0 5.700 0.877 5.700 0.005 0 50.12
23.000 4.348 23.000 0.587 0 5.700 0.877 5.700 0.005 0 50.12
23.500 4.255 23.500 0.588 0 5.700 0.877 5.700 0.005 0 50.12
24.000 4.167 24.000 0.588 0 5.700 0.877 5.700 0.005 0 50.12
24.500 4.082 24.500 0.589 0 5.700 0.877 5.700 0.005 0 50.12
25.000 4.000 25.000 0.590 0 5.700 0.877 5.700 0.005 0 50.12
25.500 3.922 25.500 0.590 0 5.700 0.877 5.700 0.005 0 50.12
26.000 3.846 26.000 0.591 0 5.700 0.877 5.700 0.005 0 50.12
26.500 3.774 26.500 0.591 0 5.700 0.877 5.700 0.005 0 50.12
27.000 3.704 27.000 0.592 0 5.700 0.877 5.700 0.005 0 50.12
27.500 3.636 27.500 0.592 0 5.700 0.877 5.700 0.005 0 50.12
28.000 3.571 28.000 0.593 0 5.700 0.877 5.700 0.005 0 50.12
28.500 3.509 28.500 0.593 0 5.700 0.877 5.700 0.005 0 50.12
29.000 3.448 29.000 0.594 0 5.700 0.877 5.700 0.005 0 50.12
29.500 3.390 29.500 0.594 0 5.700 0.877 5.700 0.005 0 50.19
30.000 3.333 30.000 0.595 0 5.700 0.877 5.700 0.005 0 50.12
30.500 3.279 30.500 0.595 0 5.700 0.877 5.700 0.005 0 50.19
31.000 3.226 31.000 0.596 0 5.700 0.877 5.700 0.005 0 50.19
31.500 3.175 31.500 0.597 0 5.700 0.877 5.700 0.005 0 50.19
32.000 3.125 32.000 0.597 0 5.700 0.877 5.700 0.005 0 50.12
32.500 3.077 32.500 0.598 0 5.700 0.877 5.700 0.005 0 50.19
33.000 3.030 33.000 0.598 0 5.700 0.877 5.700 0.005 0 50.19
33.500 2.985 33.500 0.599 0 5.700 0.877 5.700 0.005 0 50.12
34.000 2.941 34.000 0.599 0 5.700 0.877 5.700 0.005 0 50.19
34.500 2.899 34.500 0.600 0 5.700 0.877 5.700 0.005 0 50.12
35.000 2.857 35.000 0.600 0 5.700 0.877 5.700 0.005 0 50.12
35.500 2.817 35.500 0.601 0 5.700 0.877 5.700 0.005 0 50.12
36.000 2.778 36.000 0.601 0 5.700 0.877 5.700 0.005 0 50.12
36.500 2.740 36.500 0.602 0 5.700 0.877 5.700 0.005 0 50.12
37.000 2.703 37.000 0.603 0 5.700 0.877 5.700 0.005 0 50.12
37.500 2.667 37.500 0.603 0 5.700 0.877 5.700 0.005 0 50.12
38.000 2.632 38.000 0.604 0 5.700 0.877 5.700 0.005 0 50.12
38.500 2.597 38.500 0.604 0 5.700 0.877 5.700 0.005 0 50.12
39.000 2.564 39.000 0.605 0 5.700 0.877 5.700 0.005 0 50.19
39.500 2.532 39.500 0.605 0 5.700 0.877 5.700 0.005 0 50.19
40.000 2.500 40.000 0.606 0 5.700 0.877 5.700 0.005 0 50.19
40.500 2.469 40.500 0.606 0 5.700 0.877 5.700 0.005 0 50.19
41.000 2.439 41.000 0.607 0 5.700 0.877 5.700 0.005 0 50.19
41.500 2.410 41.500 0.607 0 5.700 0.877 5.700 0.005 0 50.19
42.000 2.381 42.000 0.608 0 5.700 0.877 5.700 0.005 0 50.19
42.500 2.353 42.500 0.608 0 5.700 0.877 5.700 0.005 0 50.19
43.000 2.326 43.000 0.609 0 5.700 0.877 5.700 0.005 0 50.12
43.500 2.299 43.500 0.609 0 5.700 0.877 5.700 0.005 0 50.12
44.000 2.273 44.000 0.610 0 5.700 0.877 5.700 0.005 0 50.12
44.500 2.247 44.500 0.611 0 5.700 0.877 5.700 0.005 0 50.12
45.000 2.222 45.000 0.611 0 5.700 0.877 5.700 0.005 0 50.12
45.500 2.198 45.500 0.612 0 5.700 0.877 5.700 0.005 0 50.12
46.000 2.174 46.000 0.612 0 5.700 0.877 5.700 0.005 0 50.12
46.500 2.151 46.500 0.613 0 5.700 0.877 5.700 0.005 0 50.12
47.000 2.128 47.000 0.613 0 5.700 0.877 5.700 0.005 0 50.12
47.500 2.105 47.500 0.614 0 5.700 0.877 5.700 0.005 0 50.12
48.000 2.083 48.000 0.614 0 5.700 0.877 5.700 0.005 0 50.12
48.500 2.062 48.500 0.615 0 5.700 0.877 5.700 0.005 0 50.12
49.000 2.041 49.000 0.616 0 5.700 0.877 5.700 0.005 0 50.19
49.500 2.020 49.500 0.616 0 5.700 0.877 5.700 0.005 0 50.19
50.000 2.000 50.000 0.617 0 5.700 0.877 5.700 0.005 0 50.19
50.500 1.980 50.500 0.617 0 5.700 0.877 5.700 0.005 0 50.19
51.000 1.961 51.000 0.618 0 5.700 0.877 5.700 0.005 0 50.19
51.500 1.942 51.500 0.618 0 5.700 0.877 5.700 0.005 0 50.19
52.000 1.923 52.000 0.619 0 5.700 0.877 5.700 0.005 0 50.19
52.500 1.905 52.500 0.619 0 5.700 0.877 5.700 0.005 0 50.19
53.000 1.887 53.000 0.620 0 5.700 0.877 5.700 0.005 0 50.19
53.500 1.869 53.500 0.621 0 5.700 0.877 5.700 0.005 0 50.19
54.000 1.852 54.000 0.621 0 5.700 0.877 5.700 0.005 0 50.19
54.500 1.835 54.500 0.622 0 5.700 0.877 5.700 0.005 0 50.12
55.000 1.818 55.000 0.622 0 5.700 0.877 5.700 0.005 0 50.12
55.500 1.802 55.500 0.623 0 5.700 0.877 5.700 0.005 0 50.12
56.000 1.786 56.000 0.623 0 5.700 0.877 5.700 0.005 0 50.12
56.500 1.770 56.500 0.624 0 5.700 0.877 5.700 0.005 0 50.12
57.000 1.754 57.000 0.625 0 5.700 0.877 5.700 0.005 0 50.12
57.500 1.739 57.500 0.625 0 5.700 0.877 5.700 0.005 0 50.12
58.000 1.724 58.000 0.626 0 5.700 0.877 5.700 0.005 0 50.19
58.500 1.709 58.500 0.626 0 5.700 0.877 5.700 0.005 0 50.19
59.000 1.695 59.000 0.627 0 5.700 0.877 5.700 0.005 0 50.19
59.500 1.681 59.500 0.627 0 5.700 0.877 5.700 0.005 0 50.19
60.000 1.667 60.000 0.628 0 5.700 0.877 5.700 0.005 0 50.19
0.000 5.000 0.000 0.009 0 10.700 0.467 10.700 0.010 0 50.19
0.500 5.000 0.500 0.978 0 10.700 0.467 10.700 0.010 0 50.12
1.000 5.000 1.000 1.083 0 10.700 0.467 10.700 0.010 0 49.94
1.500 5.000 1.500 1.112 0 10.700 0.467 10.700 0.010 0 49.75
2.000 5.000 2.000 1.114 0 10.700 0.467 10.700 0.010 0 49.56
2.500 5.000 2.500 1.117 0 10.700 0.467 10.700 0.010 0 49.44
3.000 5.000 3.000 1.119 0 10.700 0.467 10.700 0.010 0 49.31
3.500 5.000 3.500 1.121 0 10.700 0.467 10.700 0.010 0 49.25
4.000 5.000 4.000 1.123 0 10.700 0.467 10.700 0.010 0 49.19
4.500 5.000 4.500 1.125 0 10.700 0.467 10.700 0.010 0 49.19
5.000 5.000 5.000 1.128 0 10.700 0.467 10.700 0.010 0 49.25
5.500 5.000 5.500 1.130 0 10.700 0.467 10.700 0.010 0 49.25
6.000 5.000 6.000 1.132 0 10.700 0.467 10.700 0.010 0 49.38
6.500 5.000 6.500 1.134 0 10.700 0.467 10.700 0.010 0 49.44
7.000 5.000 7.000 1.136 0 10.700 0.467 10.700 0.010 0 49.50
7.500 5.000 7.500 1.139 0 10.700 0.467 10.700 0.010 0 49.56
8.000 5.000 8.000 1.141 0 10.700 0.467 10.700 0.010 0 49.69
8.500 5.000 8.500 1.143 0 10.700 0.467 10.700 0.010 0 49.75
9.000 5.000 9.000 1.145 0 10.700 0.467 10.700 0.010 0 49.81
9.500 5.000 9.500 1.148 0 10.700 0.467 10.700 0.010 0 49.88
10.000 5.000 10.000 1.149 0 10.700 0.467 10.700 0.010 0 49.94
10.500 5.000 10.500 1.151 0 10.700 0.467 10.700 0.010 0 50.00
11.000 5.000 11.000 1.153 0 10.700 0.467 10.700 0.010 0 50.00
11.500 5.000 11.500 1.154 0 10.700 0.467 10.700 0.010 0 50.06
12.000 5.000 12.000 1.157 0 10.700 0.467 10.700 0.010 0 50.06
12.500 5.000 12.500 1.159 0 10.700 0.467 10.700 0.010 0 50.12
13.000 5.000 13.000 1.160 0 10.700 0.467 10.700 0.010 0 50.12
13.500 5.000 13.500 1.162 0 10.700 0.467 10.700 0.010 0 50.12
14.000 5.000 14.000 1.163 0 10.700 0.467 10.700 0.010 0 50.12
14.500 5.000 14.500 1.166 0 10.700 0.467 10.700 0.010 0 50.12
15.000 5.000 15.000 1.168 0 10.700 0.467 10.700 0.010 0 50.12
15.500 5.000 15.500 1.169 0 10.700 0.467 10.700 0.010 0 50.12
16.000 5.000 16.000 1.171 0 10.700 0.467 10.700 0.010 0 50.12
16.500 5.000 16.500 1.173 0 10.700 0.467 10.700 0.010 0 50.12
17.000 5.000 17.000 1.175 0 10.700 0.467 10.700 0.010 0 50.12
17.500 5.000 17.500 1.177 0 10.700 0.467 10.700 0.010 0 50.12
18.000 5.000 18.000 1.178 0 10.700 0.467 10.700 0.010 0 50.12
18.500 5.000 18.500 1.180 0 10.700 0.467 10.700 0.010 0 50.12
19.000 5.000 19.000 1.182 0 10.700 0.467 10.700 0.010 0 50.12
19.500 5.000 19.500 1.184 0 10.700 0.467 10.700 0.010 0 50.12
20.000 5.000 20.000 1.186 0 10.700 0.467 10.700 0.010 0 50.12
20.500 4.878 20.500 1.187 0 10.700 0.467 10.700 0.010 0 50.12
21.000 4.762 21.000 1.189 0 10.700 0.467 10.700 0.010 0 50.12
21.500 4.651 21.500 1.191 0 10.700 0.467 10.700 0.010 0 50.12
22.000 4.545 22.000 1.193 0 10.700 0.467 10.700 0.010 0 50.12
22.500 4.444 22.500 1.195 0 10.700 0.467 10.700 0.010 0 50.12
23.000 4.348 23.000 1.197 0 10.700 0.467 10.700 0.010 0 50.12
23.500 4.255 23.500 1.199 0 10.700 0.467 10.700 0.010 0 50.19
24.000 4.167 24.000 1.201 0 10.700 0.467 10.700 0.010 0 50.19
24.500 4.082 24.500 1.203 0 10.700 0.467 10.700 0.010 0 50.19
25.000 4.000 25.000 1.204 0 10.700 0.467 10.700 0.010 0 50.19
25.500 3.922 25.500 1.206 0 10.700 0.467 10.700 0.010 0 50.19
26.000 3.846 26.000 1.208 0 10.700 0.467 10.700 0.010 0 50.19
26.500 3.774 26.500 1.210 0 10.700 0.467 10.700 0.010 0 50.19
27.000 3.704 27.000 1.212 0 10.700 0.467 10.700 0.010 0 50.19
27.500 3.636 27.500 1.213 0 10.700 0.467 10.700 0.010 0 50.19
28.000 3.571 28.000 1.215 0 10.700 0.467 10.700 0.010 0 50.25
28.500 3.509 28.500 1.217 0 10.700 0.467 10.700 0.010 0 50.25
29.000 3.448 29.000 1.219 0 10.700 0.467 10.700 0.010 0 50.25
29.500 3.390 29.500 1.221 0 10.700 0.467 10.700 0.010 0 50.25
30.000 3.333 30.000 1.223 0 10.700 0.467 10.700 0.010 0 50.25
30.500 3.279 30.500 1.225 0 10.700 0.467 10.700 0.010 0 50.25
31.000 3.226 31.000 1.227 0 10.700 0.467 10.700 0.010 0 50.25
31.500 3.175 31.500 1.229 0 10.700 0.467 10.700 0.010 0 50.25
32.000 3.125 32.000 1.230 0 10.700 0.467 10.700 0.010 0 50.25
32.500 3.077 32.500 1.232 0 10.700 0.467 10.700 0.010 0 50.25
33.000 3.030 33.000 1.234 0 10.700 0.467 10.700 0.010 0 50.25
33.500 2.985 33.500 1.236 0 10.700 0.467 10.700 0.010 0 50.25
34.000 2.941 34.000 1.238 0 10.700 0.467 10.700 0.010 0 50.25
34.500 2.899 34.500 1.240 0 10.700 0.467 10.700 0.010 0 50.25
35.000 2.857 35.000 1.241 0 10.700 0.467 10.700 0.010 0 50.31
35.500 2.817 35.500 1.244 0 10.700 0.467 10.700 0.010 0 50.31
36.000 2.778 36.000 1.246 0 10.700 0.467 10.700 0.010 0 50.31
36.500 2.740 36.500 1.247 0 10.700 0.467 10.700 0.010 0 50.31
37.000 2.703 37.000 1.249 0 10.700 0.467 10.700 0.010 0 50.31
37.500 2.667 37.500 1.251 0 10.700 0.467 10.700 0.010 0 50.31
38.000 2.632 38.000 1.253 0 10.700 0.467 10.700 0.010 0 50.38
38.500 2.597 38.500 1.255 0 10.700 0.467 10.700 0.010 0 50.38
39.000 2.564 39.000 1.257 0 10.700 0.467 10.700 0.010 0 50.38
39.500 2.532 39.500 1.259 0 10.700 0.467 10.700 0.010 0 50.38
40.000 2.500 40.000 1.261 0 10.700 0.467 10.700 0.010 0 50.44
40.500 2.469 40.500 1.263 0 10.700 0.467 10.700 0.010 0 50.44
41.000 2.439 41.000 1.265 0 10.700 0.467 10.700 0.010 0 50.44
41.500 2.410 41.500 1.267 0 10.700 0.467 10.700 0.010 0 50.50
42.000 2.381 42.000 1.269 0 10.700 0.467 10.700 0.010 0 50.50
42.500 2.353 42.500 1.271 0 10.700 0.467 10.700 0.010 0 50.50
43.000 2.326 43.000 1.273 0 10.700 0.467 10.700 0.010 0 50.56
43.500 2.299 43.500 1.275 0 10.700 0.467 10.700 0.010 0 50.56
44.000 2.273 44.000 1.277 0 10.700 0.467 10.700 0.010 0 50.56
44.500 2.247 44.500 1.279 0 10.700 0.467 10.700 0.010 0 50.62
45.000 2.222 45.000 1.281 0 10.700 0.467 10.700 0.010 0 50.62
45.500 2.198 45.500 1.283 0 10.700 0.467 10.700 0.010 0 50.69
46.000 2.174 46.000 1.285 0 10.700 0.467 10.700 0.010 0 50.69
46.500 2.151 46.500 1.287 0 10.700 0.467 10.700 0.010 0 50.75
47.000 2.128 47.000 1.290 0 10.700 0.467 10.700 0.010 0 50.75
47.500 2.105 47.500 1.292 0 10.700 0.467 10.700 0.010 0 50.81
48.000 2.083 48.000 1.294 0 10.700 0.467 10.700 0.010 0 50.81
48.500 2.062 48.500 1.295 0 10.700 0.467 10.700 0.010 0 50.88
49.000 2.041 49.000 1.297 0 10.700 0.467 10.700 0.010 0 50.88
49.500 2.020 49.500 1.300 0 10.700 0.467 10.700 0.010 0 50.94
50.000 2.000 50.000 1.302 0 10.700 0.467 10.700 0.010 0 50.94
50.500 1.980 50.500 1.304 0 10.700 0.467 10.700 0.010 0 51.00
51.000 1.961 51.000 1.305 0 10.700 0.467 10.700 0.010 0 51.00
51.500 1.942 51.500 1.308 0 10.700 0.467 10.700 0.010 0 51.06
52.000 1.923 52.000 1.310 0 10.700 0.467 10.700 0.010 0 51.06
52.500 1.905 52.500 1.312 0 10.700 0.467 10.700 0.010 0 51.12
53.000 1.887 53.000 1.314 0 10.700 0.467 10.700 0.010 0 51.19
53.500 1.869 53.500 1.316 0 10.700 0.467 10.700 0.010 0 51.19
54.000 1.852 54.000 1.319 0 10.700 0.467 10.700 0.010 0 51.25
54.500 1.835 54.500 1.321 0 10.700 0.467 10.700 0.010 0 51.31
55.000 1.818 55.000 1.323 0 10.700 0.467 10.700 0.010 0 51.38
55.500 1.802 55.500 1.325 0 10.700 0.467 10.700 0.010 0 51.38
56.000 1.786 56.000 1.326 0 10.700 0.467 10.700 0.010 0 51.44
56.500 1.770 56.500 1.329 0 10.700 0.467 10.700 0.010 0 51.50
57.000 1.754 57.000 1.331 0 10.700 0.467 10.700 0.010 0 51.56
58.000 1.724 58.000 1.341 0 10.700 0.467 10.700 0.010 0 49.81
58.500 1.709 58.500 1.347 0 10.700 0.467 10.700 0.010 0 50.00
59.000 1.695 59.000 1.349 0 10.700 0.467 10.700 0.010 0 50.25
59.500 1.681 59.500 1.352 0 10.700 0.467 10.700 0.010 0 50.50
60.000 1.667 60.000 1.354 0 10.700 0.467 10.700 0.010 0 50.75
0.000 5.000 0.000 0.010 0 15.700 0.318 15.700 0.015 0 51.06
0.500 5.000 0.500 1.326 0 15.700 0.318 15.700 0.015 0 50.94
1.000 5.000 1.000 1.511 0 15.700 0.318 15.700 0.015 0 50.69
1.500 5.000 1.500 1.621 0 15.700 0.318 15.700 0.015 0 50.44
2.000 5.000 2.000 1.666 0 15.700 0.318 15.700 0.015 0 50.19
2.500 5.000 2.500 1.675 0 15.700 0.318 15.700 0.015 0 49.94
3.000 5.000 3.000 1.679 0 15.700 0.318 15.700 0.015 0 49.75
3.500 5.000 3.500 1.684 0 15.700 0.318 15.700 0.015 0 49.62
4.000 5.000 4.000 1.689 0 15.700 0.318 15.700 0.015 0 49.50
4.500 5.000 4.500 1.692 0 15.700 0.318 15.700 0.015 0 49.44
5.000 5.000 5.000 1.697 0 15.700 0.318 15.700 0.015 0 49.38
5.500 5.000 5.500 1.701 0 15.700 0.318 15.700 0.015 0 49.31
6.000 5.000 6.000 1.705 0 15.700 0.318 15.700 0.015 0 49.31
6.500 5.000 6.500 1.710 0 15.700 0.318 15.700 0.015 0 49.31
7.000 5.000 7.000 1.714 0 15.700 0.318 15.700 0.015 0 49.38
7.500 5.000 7.500 1.719 0 15.700 0.318 15.700 0.015 0 49.38
8.000 5.000 8.000 1.723 0 15.700 0.318 15.700 0.015 0 49.44
8.500 5.000 8.500 1.728 0 15.700 0.318 15.700 0.015 0 49.50
9.000 5.000 9.000 1.732 0 15.700 0.318 15.700 0.015 0 49.56
9.500 5.000 9.500 1.736 0 15.700 0.318 15.700 0.015 0 49.62
10.000 5.000 10.000 1.740 0 15.700 0.318 15.700 0.015 0 49.69
10.500 5.000 10.500 1.744 0 15.700 0.318 15.700 0.015 0 49.75
11.000 5.000 11.000 1.748 0 15.700 0.318 15.700 0.015 0 49.81
11.500 5.000 11.500 1.752 0 15.700 0.318 15.700 0.015 0 49.88
12.000 5.000 12.000 1.756 0 15.700 0.318 15.700 0.015 0 49.94
12.500 5.000 12.500 1.760 0 15.700 0.318 15.700 0.015 0 49.94
13.000 5.000 13.000 1.764 0 15.700 0.318 15.700 0.015 0 50.00
13.500 5.000 13.500 1.768 0 15.700 0.318 15.700 0.015 0 50.06
14.000 5.000 14.000 1.771 0 15.700 0.318 15.700 0.015 0 50.06
14.500 5.000 14.500 1.775 0 15.700 0.318 15.700 0.015 0 50.06
15.000 5.000 15.000 1.779 0 15.700 0.318 15.700 0.015 0 50.06
15.500 5.000 15.500 1.784 0 15.700 0.318 15.700 0.015 0 50.06
16.000 5.000 16.000 1.787 0 15.700 0.318 15.700 0.015 0 50.12
16.500 5.000 16.500 1.791 0 15.700 0.318 15.700 0.015 0 50.12
17.000 5.000 17.000 1.794 0 15.700 0.318 15.700 0.015 0 50.12
17.500 5.000 17.500 1.798 0 15.700 0.318 15.700 0.015 0 50.12
18.000 5.000 18.000 1.803 0 15.700 0.318 15.700 0.015 0 50.12
18.500 5.000 18.500 1.806 0 15.700 0.318 15.700 0.015 0 50.12
19.000 5.000 19.000 1.810 0 15.700 0.318 15.700 0.015 0 50.12
19.500 5.000 19.500 1.814 0 15.700 0.318 15.700 0.015 0 50.12
20.000 5.000 20.000 1.817 0 15.700 0.318 15.700 0.015 0 50.12
20.500 4.878 20.500 1.821 0 15.700 0.318 15.700 0.015 0 50.12
21.000 4.762 21.000 1.825 0 15.700 0.318 15.700 0.015 0 50.19
21.500 4.651 21.500 1.829 0 15.700 0.318 15.700 0.015 0 50.19
22.000 4.545 22.000 1.833 0 15.700 0.318 15.700 0.015 0 50.19
22.500 4.444 22.500 1.837 0 15.700 0.318 15.700 0.015 0 50.19
23.000 4.348 23.000 1.840 0 15.700 0.318 15.700 0.015 0 50.19
23.500 4.255 23.500 1.844 0 15.700 0.318 15.700 0.015 0 50.25
24.000 4.167 24.000 1.848 0 15.700 0.318 15.700 0.015 0 50.25
24.500 4.082 24.500 1.852 0 15.700 0.318 15.700 0.015 0 50.25
25.000 4.000 25.000 1.856 0 15.700 0.318 15.700 0.015 0 50.25
25.500 3.922 25.500 1.860 0 15.700 0.318 15.700 0.015 0 50.25
26.000 3.846 26.000 1.864 0 15.700 0.318 15.700 0.015 0 50.31
26.500 3.774 26.500 1.867 0 15.700 0.318 15.700 0.015 0 50.31
27.000 3.704 27.000 1.871 0 15.700 0.318 15.700 0.015 0 50.38
27.500 3.636 27.500 1.876 0 15.700 0.318 15.700 0.015 0 50.38
28.000 3.571 28.000 1.879 0 15.700 0.318 15.700 0.015 0 50.38
28.500 3.509 28.500 1.883 0 15.700 0.318 15.700 0.015 0 50.44
29.000 3.448 29.000 1.888 0 15.700 0.318 15.700 0.015 0 50.44
29.500 3.390 29.500 1.892 0 15.700 0.318 15.700 0.015 0 50.50
30.000 3.333 30.000 1.895 0 15.700 0.318 15.700 0.015 0 50.50
30.500 3.279 30.500 1.899 0 15.700 0.318 15.700 0.015 0 50.56
31.000 3.226 31.000 1.903 0 15.700 0.318 15.700 0.015 0 50.56
31.500 3.175 31.500 1.908 0 15.700 0.318 15.700 0.015 0 50.62
32.000 3.125 32.000 1.912 0 15.700 0.318 15.700 0.015 0 50.62
32.500 3.077 32.500 1.916 0 15.700 0.318 15.700 0.015 0 50.69
33.000 3.030 33.000 1.920 0 15.700 0.318 15.700 0.015 0 50.75
33.500 2.985 33.500 1.924 0 15.700 0.318 15.700 0.015 0 50.75
34.000 2.941 34.000 1.928 0 15.700 0.318 15.700 0.015 0 50.81
34.500 2.899 34.500 1.932 0 15.700 0.318 15.700 0.015 0 50.88
35.000 2.857 35.000 1.936 0 15.700 0.318 15.700 0.015 0 50.94
35.500 2.817 35.500 1.940 0 15.700 0.318 15.700 0.015 0 50.94
36.000 2.778 36.000 1.945 0 15.700 0.318 15.700 0.015 0 51.00
36.500 2.740 36.500 1.949 0 15.700 0.318 15.700 0.015 0 51.06
37.000 2.703 37.000 1.953 0 15.700 0.318 15.700 0.015 0 51.12
37.500 2.667 37.500 1.957 0 15.700 0.318 15.700 0.015 0 51.19
38.000 2.632 38.000 1.961 0 15.700 0.318 15.700 0.015 0 51.19
38.500 2.597 38.500 1.965 0 15.700 0.318 15.700 0.015 0 51.25
39.000 2.564 39.000 1.969 0 15.700 0.318 15.700 0.015 0 51.31
39.500 2.532 39.500 1.973 0 15.700 0.318 15.700 0.015 0 51.38
40.000 2.500 40.000 1.977 0 15.700 0.318 15.700 0.015 0 51.44
40.500 2.469 40.500 1.981 0 15.700 0.318 15.700 0.015 0 51.50
41.000 2.439 41.000 1.985 0 15.700 0.318 15.700 0.015 0 51.56
42.000 2.381 42.000 2.006 0 15.700 0.318 15.700 0.015 0 49.69
42.500 2.353 42.500 2.014 0 15.700 0.318 15.700 0.015 0 49.88
43.000 2.326 43.000 2.017 0 15.700 0.318 15.700 0.015 0 50.19
43.500 2.299 43.500 2.020 0 15.700 0.318 15.700 0.015 0 50.50
44.000 2.273 44.000 2.024 0 15.700 0.318 15.700 0.015 0 50.81
44.500 2.247 44.500 2.028 0 15.700 0.318 15.700 0.015 0 51.00
45.000 2.222 45.000 2.031 0 15.700 0.318 15.700 0.015 0 51.25
45.500 2.198 45.500 2.035 0 15.700 0.318 15.700 0.015 0 51.44
46.000 2.174 46.000 2.039 0 15.700 0.318 15.700 0.015 0 51.56
47.000 2.128 47.000 2.052 0 15.700 0.318 15.700 0.015 0 49.94
47.500 2.105 47.500 2.059 0 15.700 0.318 15.700 0.015 0 50.12
48.000 2.083 48.000 2.062 0 15.700 0.318 15.700 0.015 0 50.50
48.500 2.062 47.148 2.061 1 15.700 0.318 15.700 0.015 0 50.81
0.000 5.000 0.000 0.017 0 20.700 0.242 20.700 0.020 0 51.44
0.500 5.000 0.500 1.587 0 20.700 0.242 20.700 0.020 0 51.38
1.000 5.000 1.000 1.876 0 20.700 0.242 20.700 0.020 0 51.06
1.500 5.000 1.500 2.038 0 20.700 0.242 20.700 0.020 0 50.69
2.000 5.000 2.000 2.155 0 20.700 0.242 20.700 0.020 0 50.44
2.500 5.000 2.500 2.217 0 20.700 0.242 20.700 0.020 0 50.19
3.000 5.000 3.000 2.239 0 20.700 0.242 20.700 0.020 0 50.00
3.500 5.000 3.500 2.249 0 20.700 0.242 20.700 0.020 0 49.81
4.000 5.000 4.000 2.257 0 20.700 0.242 20.700 0.020 0 49.69
4.500 5.000 4.500 2.265 0 20.700 0.242 20.700 0.020 0 49.62
5.000 5.000 5.000 2.272 0 20.700 0.242 20.700 0.020 0 49.50
5.500 5.000 5.500 2.279 0 20.700 0.242 20.700 0.020 0 49.44
6.000 5.000 6.000 2.286 0 20.700 0.242 20.700 0.020 0 49.44
6.500 5.000 6.500 2.293 0 20.700 0.242 20.700 0.020 0 49.44
7.000 5.000 7.000 2.301 0 20.700 0.242 20.700 0.020 0 49.44
7.500 5.000 7.500 2.308 0 20.700 0.242 20.700 0.020 0 49.44
8.000 5.000 8.000 2.315 0 20.700 0.242 20.700 0.020 0 49.50
8.500 5.000 8.500 2.322 0 20.700 0.242 20.700 0.020 0 49.56
9.000 5.000 9.000 2.329 0 20.700 0.242 20.700 0.020 0 49.62
9.500 5.000 9.500 2.336 0 20.700 0.242 20.700 0.020 0 49.69
10.000 5.000 10.000 2.343 0 20.700 0.242 20.700 0.020 0 49.75
10.500 5.000 10.500 2.350 0 20.700 0.242 20.700 0.020 0 49.81
11.000 5.000 11.000 2.357 0 20.700 0.242 20.700 0.020 0 49.88
11.500 5.000 11.500 2.364 0 20.700 0.242 20.700 0.020 0 49.88
12.000 5.000 12.000 2.371 0 20.700 0.242 20.700 0.020 0 49.94
12.500 5.000 12.500 2.377 0 20.700 0.242 20.700 0.020 0 50.00
13.000 5.000 13.000 2.384 0 20.700 0.242 20.700 0.020 0 50.06
13.500 5.000 13.500 2.390 0 20.700 0.242 20.700 0.020 0 50.06
14.000 5.000 14.000 2.397 0 20.700 0.242 20.700 0.020 0 50.12
14.500 5.000 14.500 2.403 0 20.700 0.242 20.700 0.020 0 50.12
15.000 5.000 15.000 2.410 0 20.700 0.242 20.700 0.020 0 50.19
15.500 5.000 15.500 2.416 0 20.700 0.242 20.700 0.020 0 50.19
16.000 5.000 16.000 2.423 0 20.700 0.242 20.700 0.020 0 50.19
16.500 5.000 16.500 2.429 0 20.700 0.242 20.700 0.020 0 50.25
17.000 5.000 17.000 2.436 0 20.700 0.242 20.700 0.020 0 50.25
17.500 5.000 17.500 2.442 0 20.700 0.242 20.700 0.020 0 50.25
18.000 5.000 18.000 2.448 0 20.700 0.242 20.700 0.020 0 50.25
18.500 5.000 18.500 2.455 0 20.700 0.242 20.700 0.020 0 50.25
19.000 5.000 19.000 2.462 0 20.700 0.242 20.700 0.020 0 50.31
19.500 5.000 19.500 2.468 0 20.700 0.242 20.700 0.020 0 50.31
20.000 5.000 20.000 2.474 0 20.700 0.242 20.700 0.020 0 50.38
20.500 4.878 20.500 2.481 0 20.700 0.242 20.700 0.020 0 50.38
21.000 4.762 21.000 2.487 0 20.700 0.242 20.700 0.020 0 50.38
21.500 4.651 21.500 2.494 0 20.700 0.242 20.700 0.020 0 50.44
22.000 4.545 22.000 2.500 0 20.700 0.242 20.700 0.020 0 50.44
22.500 4.444 22.500 2.507 0 20.700 0.242 20.700 0.020 0 50.50
23.000 4.348 23.000 2.513 0 20.700 0.242 20.700 0.020 0 50.56
23.500 4.255 23.500 2.520 0 20.700 0.242 20.700 0.020 0 50.56
24.000 4.167 24.000 2.527 0 20.700 0.242 20.700 0.020 0 50.62
24.500 4.082 24.500 2.533 0 20.700 0.242 20.700 0.020 0 50.69
25.000 4.000 25.000 2.540 0 20.700 0.242 20.700 0.020 0 50.69
25.500 3.922 25.500 2.547 0 20.700 0.242 20.700 0.020 0 50.75
26.000 3.846 26.000 2.554 0 20.700 0.242 20.700 0.020 0 50.81
26.500 3.774 26.500 2.560 0 20.700 0.242 20.700 0.020 0 50.88
27.000 3.704 27.000 2.567 0 20.700 0.242 20.700 0.020 0 50.94
27.500 3.636 27.500 2.574 0 20.700 0.242 20.700 0.020 0 50.94
28.000 3.571 28.000 2.581 0 20.700 0.242 20.700 0.020 0 51.00
28.500 3.509 28.500 2.588 0 20.700 0.242 20.700 0.020 0 51.06
29.000 3.448 29.000 2.594 0 20.700 0.242 20.700 0.020 0 51.12
29.500 3.390 29.500 2.601 0 20.700 0.242 20.700 0.020 0 51.19
30.000 3.333 30.000 2.608 0 20.700 0.242 20.700 0.020 0 51.25
30.500 3.279 30.500 2.614 0 20.700 0.242 20.700 0.020 0 51.31
31.000 3.226 31.000 2.621 0 20.700 0.242 20.700 0.020 0 51.38
31.500 3.175 31.500 2.628 0 20.700 0.242 20.700 0.020 0 51.50
32.000 3.125 32.000 2.634 0 20.700 0.242 20.700 0.020 0 51.50
32.500 3.077 32.500 2.641 0 20.700 0.242 20.700 0.020 0 51.62
33.500 2.985 33.500 2.668 0 20.700 0.242 20.700 0.020 0 49.94
34.000 2.941 34.000 2.674 0 20.700 0.242 20.700 0.020 0 50.25
34.500 2.899 34.500 2.681 0 20.700 0.242 20.700 0.020 0 50.50
35.000 2.857 35.000 2.687 0 20.700 0.242 20.700 0.020 0 50.81
35.500 2.817 35.500 2.692 0 20.700 0.242 20.700 0.020 0 51.06
36.000 2.778 36.000 2.698 0 20.700 0.242 20.700 0.020 0 51.31
36.500 2.740 36.500 2.704 0 20.700 0.242 20.700 0.020 0 51.50
37.000 2.703 35.805 2.703 1 20.700 0.242 20.700 0.020 0 51.62
0.000 5.000 0.000 0.010 0 25.700 0.195 25.700 0.025 0 49.94
0.500 5.000 0.500 1.766 0 25.700 0.195 25.700 0.025 0 50.06
1.000 5.000 1.000 2.195 0 25.700 0.195 25.700 0.025 0 49.94
1.500 5.000 1.500 2.395 0 25.700 0.195 25.700 0.025 0 49.81
2.000 5.000 2.000 2.557 0 25.700 0.195 25.700 0.025 0 49.69
2.500 5.000 2.500 2.680 0 25.700 0.195 25.700 0.025 0 49.56
3.000 5.000 3.000 2.756 0 25.700 0.195 25.700 0.025 0 49.44
3.500 5.000 3.500 2.792 0 25.700 0.195 25.700 0.025 0 49.38
4.000 5.000 4.000 2.814 0 25.700 0.195 25.700 0.025 0 49.31
4.500 5.000 4.500 2.828 0 25.700 0.195 25.700 0.025 0 49.31
5.000 5.000 5.000 2.841 0 25.700 0.195 25.700 0.025 0 49.38
5.500 5.000 5.500 2.853 0 25.700 0.195 25.700 0.025 0 49.38
6.000 5.000 6.000 2.863 0 25.700 0.195 25.700 0.025 0 49.44
6.500 5.000 6.500 2.875 0 25.700 0.195 25.700 0.025 0 49.50
7.000 5.000 7.000 2.886 0 25.700 0.195 25.700 0.025 0 49.56
7.500 5.000 7.500 2.896 0 25.700 0.195 25.700 0.025 0 49.62
8.000 5.000 8.000 2.907 0 25.700 0.195 25.700 0.025 0 49.75
8.500 5.000 8.500 2.917 0 25.700 0.195 25.700 0.025 0 49.81
9.000 5.000 9.000 2.928 0 25.700 0.195 25.700 0.025 0 49.88
9.500 5.000 9.500 2.938 0 25.700 0.195 25.700 0.025 0 49.94
10.000 5.000 10.000 2.948 0 25.700 0.195 25.700 0.025 0 50.00
10.500 5.000 10.500 2.958 0 25.700 0.195 25.700 0.025 0 50.06
11.000 5.000 11.000 2.968 0 25.700 0.195 25.700 0.025 0 50.12
11.500 5.000 11.500 2.978 0 25.700 0.195 25.700 0.025 0 50.19
12.000 5.000 12.000 2.988 0 25.700 0.195 25.700 0.025 0 50.25
12.500 5.000 12.500 2.998 0 25.700 0.195 25.700 0.025 0 50.25
13.000 5.000 13.000 3.007 0 25.700 0.195 25.700 0.025 0 50.25
13.500 5.000 13.500 3.017 0 25.700 0.195 25.700 0.025 0 50.31
14.000 5.000 14.000 3.027 0 25.700 0.195 25.700 0.025 0 50.31
14.500 5.000 14.500 3.037 0 25.700 0.195 25.700 0.025 0 50.38
15.000 5.000 15.000 3.046 0 25.700 0.195 25.700 0.025 0 50.38
15.500 5.000 15.500 3.056 0 25.700 0.195 25.700 0.025 0 50.38
16.000 5.000 16.000 3.066 0 25.700 0.195 25.700 0.025 0 50.44
16.500 5.000 16.500 3.075 0 25.700 0.195 25.700 0.025 0 50.44
17.000 5.000 17.000 3.085 0 25.700 0.195 25.700 0.025 0 50.50
17.500 5.000 17.500 3.095 0 25.700 0.195 25.700 0.025 0 50.50
18.000 5.000 18.000 3.105 0 25.700 0.195 25.700 0.025 0 50.56
18.500 5.000 18.500 3.114 0 25.700 0.195 25.700 0.025 0 50.56
19.000 5.000 19.000 3.124 0 25.700 0.195 25.700 0.025 0 50.62
19.500 5.000 19.500 3.134 0 25.700 0.195 25.700 0.025 0 50.69
20.000 5.000 20.000 3.144 0 25.700 0.195 25.700 0.025 0 50.75
20.500 4.878 20.500 3.154 0 25.700 0.195 25.700 0.025 0 50.75
21.000 4.762 21.000 3.164 0 25.700 0.195 25.700 0.025 0 50.81
21.500 4.651 21.500 3.174 0 25.700 0.195 25.700 0.025 0 50.88
22.000 4.545 22.000 3.185 0 25.700 0.195 25.700 0.025 0 50.94
22.500 4.444 22.500 3.195 0 25.700 0.195 25.700 0.025 0 51.00
23.000 4.348 23.000 3.205 0 25.700 0.195 25.700 0.025 0 51.06
23.500 4.255 23.500 3.215 0 25.700 0.195 25.700 0.025 0 51.12
24.000 4.167 24.000 3.225 0 25.700 0.195 25.700 0.025 0 51.19
24.500 4.082 24.500 3.235 0 25.700 0.195 25.700 0.025 0 51.25
25.000 4.000 25.000 3.245 0 25.700 0.195 25.700 0.025 0 51.31
25.500 3.922 25.500 3.255 0 25.700 0.195 25.700 0.025 0 51.44
26.000 3.846 26.000 3.264 0 25.700 0.195 25.700 0.025 0 51.50
26.500 3.774 26.500 3.274 0 25.700 0.195 25.700 0.025 0 51.56
27.500 3.636 27.500 3.306 0 25.700 0.195 25.700 0.025 0 49.88
28.000 3.571 28.000 3.318 0 25.700 0.195 25.700 0.025 0 50.12
28.500 3.509 28.500 3.327 0 25.700 0.195 25.700 0.025 0 50.44
29.000 3.448 29.000 3.336 0 25.700 0.195 25.700 0.025 0 50.75
29.500 3.390 29.500 3.345 0 25.700 0.195 25.700 0.025 0 51.00
30.000 3.333 28.382 3.333 1 25.700 0.195 25.700 0.025 0 51.25
0.000 5.000 0.000 0.003 0 30.700 0.163 30.700 0.030 0 51.69
0.500 5.000 0.500 1.898 0 30.700 0.163 30.700 0.030 0 49.88
1.000 5.000 1.000 2.484 0 30.700 0.163 30.700 0.030 0 49.69
1.500 5.000 1.500 2.711 0 30.700 0.163 30.700 0.030 0 49.56
2.000 5.000 2.000 2.905 0 30.700 0.163 30.700 0.030 0 49.44
2.500 5.000 2.500 3.068 0 30.700 0.163 30.700 0.030 0 49.38
3.000 5.000 3.000 3.198 0 30.700 0.163 30.700 0.030 0 49.31
3.500 5.000 3.500 3.288 0 30.700 0.163 30.700 0.030 0 49.25
4.000 5.000 4.000 3.341 0 30.700 0.163 30.700 0.030 0 49.31
4.500 5.000 4.500 3.375 0 30.700 0.163 30.700 0.030 0 49.31
5.000 5.000 5.000 3.401 0 30.700 0.163 30.700 0.030 0 49.38
5.500 5.000 5.500 3.423 0 30.700 0.163 30.700 0.030 0 49.44
6.000 5.000 6.000 3.440 0 30.700 0.163 30.700 0.030 0 49.50
6.500 5.000 6.500 3.456 0 30.700 0.163 30.700 0.030 0 49.62
7.000 5.000 7.000 3.471 0 30.700 0.163 30.700 0.030 0 49.69
7.500 5.000 7.500 3.486 0 30.700 0.163 30.700 0.030 0 49.81
8.000 5.000 8.000 3.500 0 30.700 0.163 30.700 0.030 0 49.88
8.500 5.000 8.500 3.515 0 30.700 0.163 30.700 0.030 0 49.94
9.000 5.000 9.000 3.529 0 30.700 0.163 30.700 0.030 0 50.06
9.500 5.000 9.500 3.543 0 30.700 0.163 30.700 0.030 0 50.12
10.000 5.000 10.000 3.557 0 30.700 0.163 30.700 0.030 0 50.19
10.500 5.000 10.500 3.570 0 30.700 0.163 30.700 0.030 0 50.25
11.000 5.000 11.000 3.585 0 30.700 0.163 30.700 0.030 0 50.25
11.500 5.000 11.500 3.598 0 30.700 0.163 30.700 0.030 0 50.31
12.000 5.000 12.000 3.611 0 30.700 0.163 30.700 0.030 0 50.38
12.500 5.000 12.500 3.625 0 30.700 0.163 30.700 0.030 0 50.38
13.000 5.000 13.000 3.638 0 30.700 0.163 30.700 0.030 0 50.44
13.500 5.000 13.500 3.652 0 30.700 0.163 30.700 0.030 0 50.44
14.000 5.000 14.000 3.665 0 30.700 0.163 30.700 0.030 0 50.50
14.500 5.000 14.500 3.679 0 30.700 0.163 30.700 0.030 0 50.50
15.000 5.000 15.000 3.692 0 30.700 0.163 30.700 0.030 0 50.56
15.500 5.000 15.500 3.706 0 30.700 0.163 30.700 0.030 0 50.62
16.000 5.000 16.000 3.720 0 30.700 0.163 30.700 0.030 0 50.62
16.500 5.000 16.500 3.733 0 30.700 0.163 30.700 0.030 0 50.69
17.000 5.000 17.000 3.748 0 30.700 0.163 30.700 0.030 0 50.75
17.500 5.000 17.500 3.761 0 30.700 0.163 30.700 0.030 0 50.81
18.000 5.000 18.000 3.776 0 30.700 0.163 30.700 0.030 0 50.88
18.500 5.000 18.500 3.790 0 30.700 0.163 30.700 0.030 0 50.94
19.000 5.000 19.000 3.804 0 30.700 0.163 30.700 0.030 0 51.00
19.500 5.000 19.500 3.818 0 30.700 0.163 30.700 0.030 0 51.06
20.000 5.000 20.000 3.831 0 30.700 0.163 30.700 0.030 0 51.12
20.500 4.878 20.500 3.845 0 30.700 0.163 30.700 0.030 0 51.19
21.000 4.762 21.000 3.858 0 30.700 0.163 30.700 0.030 0 51.31
21.500 4.651 21.500 3.871 0 30.700 0.163 30.700 0.030 0 51.38
22.000 4.545 22.000 3.884 0 30.700 0.163 30.700 0.030 0 51.44
22.500 4.444 22.500 3.898 0 30.700 0.163 30.700 0.030 0 51.50
23.000 4.348 23.000 3.911 0 30.700 0.163 30.700 0.030 0 51.62
24.000 4.167 24.000 3.955 0 30.700 0.163 30.700 0.030 0 49.94
24.500 4.082 24.500 3.973 0 30.700 0.163 30.700 0.030 0 50.19
25.000 4.000 25.000 3.984 0 30.700 0.163 30.700 0.030 0 50.50
25.500 3.922 22.013 3.922 1 30.700 0.163 30.700 0.030 0 50.81
0.000 5.000 0.000 0.000 0 35.700 0.140 35.700 0.035 0 51.31
0.500 5.000 0.500 1.985 0 35.700 0.140 35.700 0.035 0 51.19
1.000 5.000 1.000 2.741 0 35.700 0.140 35.700 0.035 0 50.94
1.500 5.000 1.500 2.992 0 35.700 0.140 35.700 0.035 0 50.62
2.000 5.000 2.000 3.210 0 35.700 0.140 35.700 0.035 0 50.38
2.500 5.000 2.500 3.403 0 35.700 0.140 35.700 0.035 0 50.12
3.000 5.000 3.000 3.569 0 35.700 0.140 35.700 0.035 0 49.94
3.500 5.000 3.500 3.707 0 35.700 0.140 35.700 0.035 0 49.81
4.000 5.000 4.000 3.810 0 35.700 0.140 35.700 0.035 0 49.69
4.500 5.000 4.500 3.880 0 35.700 0.140 35.700 0.035 0 49.62
5.000 5.000 5.000 3.929 0 35.700 0.140 35.700 0.035 0 49.56
5.500 5.000 5.500 3.967 0 35.700 0.140 35.700 0.035 0 49.50
6.000 5.000 6.000 3.999 0 35.700 0.140 35.700 0.035 0 49.50
6.500 5.000 6.500 4.027 0 35.700 0.140 35.700 0.035 0 49.56
7.000 5.000 7.000 4.051 0 35.700 0.140 35.700 0.035 0 49.56
7.500 5.000 7.500 4.072 0 35.700 0.140 35.700 0.035 0 49.62
8.000 5.000 8.000 4.093 0 35.700 0.140 35.700 0.035 0 49.69
8.500 5.000 8.500 4.112 0 35.700 0.140 35.700 0.035 0 49.75
9.000 5.000 9.000 4.131 0 35.700 0.140 35.700 0.035 0 49.88
9.500 5.000 9.500 4.150 0 35.700 0.140 35.700 0.035 0 49.94
10.000 5.000 10.000 4.168 0 35.700 0.140 35.700 0.035 0 50.00
10.500 5.000 10.500 4.186 0 35.700 0.140 35.700 0.035 0 50.12
11.000 5.000 11.000 4.204 0 35.700 0.140 35.700 0.035 0 50.19
11.500 5.000 11.500 4.222 0 35.700 0.140 35.700 0.035 0 50.25
12.000 5.000 12.000 4.240 0 35.700 0.140 35.700 0.035 0 50.31
12.500 5.000 12.500 4.257 0 35.700 0.140 35.700 0.035 0 50.38
13.000 5.000 13.000 4.275 0 35.700 0.140 35.700 0.035 0 50.44
13.500 5.000 13.500 4.294 0 35.700 0.140 35.700 0.035 0 50.50
14.000 5.000 14.000 4.311 0 35.700 0.140 35.700 0.035 0 50.56
14.500 5.000 14.500 4.329 0 35.700 0.140 35.700 0.035 0 50.62
15.000 5.000 15.000 4.348 0 35.700 0.140 35.700 0.035 0 50.69
15.500 5.000 15.500 4.366 0 35.700 0.140 35.700 0.035 0 50.75
16.000 5.000 16.000 4.385 0 35.700 0.140 35.700 0.035 0 50.81
16.500 5.000 16.500 4.404 0 35.700 0.140 35.700 0.035 0 50.88
17.000 5.000 17.000 4.422 0 35.700 0.140 35.700 0.035 0 50.94
17.500 5.000 17.500 4.440 0 35.700 0.140 35.700 0.035 0 51.00
18.000 5.000 18.000 4.457 0 35.700 0.140 35.700 0.035 0 51.12
18.500 5.000 18.500 4.475 0 35.700 0.140 35.700 0.035 0 51.19
19.000 5.000 19.000 4.492 0 35.700 0.140 35.700 0.035 0 51.25
19.500 5.000 19.500 4.509 0 35.700 0.140 35.700 0.035 0 51.38
20.000 5.000 20.000 4.526 0 35.700 0.140 35.700 0.035 0 51.50
20.500 4.878 20.500 4.543 0 35.700 0.140 35.700 0.035 0 51.56
21.500 4.651 21.500 4.599 0 35.700 0.140 35.700 0.035 0 49.94
22.000 4.545 19.604 4.543 1 35.700 0.140 35.700 0.035 0 50.12
0.000 5.000 0.000 0.000 0 40.700 0.123 40.700 0.040 0 50.81
0.500 5.000 0.500 2.056 0 40.700 0.123 40.700 0.040 0 50.81
1.000 5.000 1.000 2.978 0 40.700 0.123 40.700 0.040 0 50.56
1.500 5.000 1.500 3.254 0 40.700 0.123 40.700 0.040 0 50.31
2.000 5.000 2.000 3.490 0 40.700 0.123 40.700 0.040 0 50.06
2.500 5.000 2.500 3.703 0 40.700 0.123 40.700 0.040 0 49.88
3.000 5.000 3.000 3.894 0 40.700 0.123 40.700 0.040 0 49.69
3.500 5.000 3.500 4.061 0 40.700 0.123 40.700 0.040 0 49.62
4.000 5.000 4.000 4.203 0 40.700 0.123 40.700 0.040 0 49.50
4.500 5.000 4.500 4.317 0 40.700 0.123 40.700 0.040 0 49.44
5.000 5.000 5.000 4.402 0 40.700 0.123 40.700 0.040 0 49.44
5.500 5.000 5.500 4.466 0 40.700 0.123 40.700 0.040 0 49.44
6.000 5.000 6.000 4.518 0 40.700 0.123 40.700 0.040 0 49.44
6.500 5.000 6.500 4.562 0 40.700 0.123 40.700 0.040 0 49.50
7.000 5.000 7.000 4.600 0 40.700 0.123 40.700 0.040 0 49.62
7.500 5.000 7.500 4.634 0 40.700 0.123 40.700 0.040 0 49.69
8.000 5.000 8.000 4.667 0 40.700 0.123 40.700 0.040 0 49.81
8.500 5.000 8.500 4.696 0 40.700 0.123 40.700 0.040 0 49.88
9.000 5.000 9.000 4.723 0 40.700 0.123 40.700 0.040 0 50.00
9.500 5.000 9.500 4.750 0 40.700 0.123 40.700 0.040 0 50.06
10.000 5.000 10.000 4.774 0 40.700 0.123 40.700 0.040 0 50.19
10.500 5.000 10.500 4.799 0 40.700 0.123 40.700 0.039 0 50.25
11.000 5.000 11.000 4.822 0 40.700 0.123 40.700 0.039 0 50.31
11.500 5.000 11.500 4.845 0 40.700 0.123 40.700 0.039 0 50.38
12.000 5.000 12.000 4.869 0 40.700 0.123 40.700 0.039 0 50.44
12.500 5.000 12.500 4.892 0 40.700 0.123 40.700 0.039 0 50.56
13.000 5.000 13.000 4.915 0 40.700 0.123 40.700 0.039 0 50.62
13.500 5.000 13.500 4.939 0 40.700 0.123 40.700 0.039 0 50.69
14.000 5.000 14.000 4.963 0 40.700 0.123 40.700 0.039 0 50.75
14.500 5.000 14.500 4.986 0 40.700 0.123 40.700 0.039 0 50.81
15.000 5.000 15.005 4.986 1 40.700 0.123 40.700 0.039 0 50.88
0.000 5.000 0.000 0.000 0 45.700 0.109 45.700 0.045 0 51.06
0.500 5.000 0.500 2.101 0 45.700 0.109 45.700 0.045 0 51.00
1.000 5.000 1.000 3.185 0 45.700 0.109 45.700 0.045 0 50.69
1.500 5.000 1.500 3.495 0 45.700 0.109 45.700 0.045 0 50.38
2.000 5.000 2.000 3.745 0 45.700 0.109 45.700 0.045 0 50.12
2.500 5.000 2.500 3.973 0 45.700 0.109 45.700 0.045 0 49.94
3.000 5.000 3.000 4.182 0 45.700 0.109 45.700 0.045 0 49.75
3.500 5.000 3.500 4.369 0 45.700 0.109 45.700 0.044 0 49.62
4.000 5.000 4.000 4.536 0 45.700 0.109 45.700 0.044 0 49.50
4.500 5.000 4.500 4.681 0 45.700 0.109 45.700 0.044 0 49.50
5.000 5.000 5.000 4.803 0 45.700 0.109 45.700 0.044 0 49.44
5.500 5.000 5.500 4.901 0 45.700 0.109 45.700 0.044 0 49.44
6.000 5.000 6.000 4.981 0 45.700 0.109 45.700 0.044 0 49.50
6.500 5.000 6.504 4.980 1 45.700 0.109 45.700 0.044 0 49.56
