% * Sample: BC550C_T30_1
% * Date / time: 2023-01-02 15:42:00.117800
% * R2CONTROL = 100000.0 Ohm
% Column 1:  PSU1 nominal voltage setting (V)
% Column 2:  PSU1 nominal current setting (A)
% Column 3:  PSU1 voltage measurement (V)
% Column 4:  PSU1 current measurement (I)
% Column 5:  PSU1 limiter flag
% Column 6:  PSU2 nominal voltage setting (V)
% Column 7:  PSU2 nominal current setting (A)
% Column 8:  PSU2 voltage measurement (V)
% Column 9:  PSU2 current measurement (I)
% Column 10: PSU2 limiter flag
% Column 11: Heaterblock temperature (°C)
% * OPERATING POINT AT END OF PREHEAT / IDLE: U0 = 5.0 V  I0 = 0.02000 A  Uc = 4.340 V  Ic = 0.002 A  T = 30.12 °C
0.00 0.10000 0.1 0.00000 0 0.650 0.100 0.650 0.002 0 30.06
0.50 0.10000 0.6 0.00033 0 0.650 0.100 0.650 0.002 0 30.06
1.00 0.10000 1.0 0.00034 0 0.650 0.100 0.650 0.002 0 30.06
1.50 0.10000 1.5 0.00034 0 0.650 0.100 0.650 0.002 0 30.12
2.00 0.10000 2.0 0.00034 0 0.650 0.100 0.650 0.002 0 30.12
2.50 0.10000 2.5 0.00034 0 0.650 0.100 0.650 0.002 0 30.06
3.00 0.10000 3.0 0.00035 0 0.650 0.100 0.650 0.002 0 30.06
3.50 0.10000 3.5 0.00035 0 0.650 0.100 0.650 0.002 0 30.06
4.00 0.10000 4.0 0.00035 0 0.650 0.100 0.650 0.002 0 30.06
4.50 0.10000 4.5 0.00035 0 0.650 0.100 0.650 0.002 0 30.06
5.00 0.10000 5.0 0.00035 0 0.650 0.100 0.650 0.002 0 30.06
5.50 0.09091 5.5 0.00035 0 0.650 0.100 0.650 0.002 0 30.06
6.00 0.08333 6.0 0.00035 0 0.650 0.100 0.650 0.002 0 30.00
6.50 0.07692 6.5 0.00035 0 0.650 0.100 0.650 0.002 0 30.00
7.00 0.07143 7.0 0.00035 0 0.650 0.100 0.650 0.002 0 30.06
7.50 0.06667 7.5 0.00035 0 0.650 0.100 0.650 0.002 0 30.06
8.00 0.06250 8.0 0.00035 0 0.650 0.100 0.650 0.002 0 30.06
8.50 0.05882 8.5 0.00035 0 0.650 0.100 0.650 0.002 0 30.00
9.00 0.05556 9.0 0.00035 0 0.650 0.100 0.650 0.002 0 30.00
9.50 0.05263 9.5 0.00035 0 0.650 0.100 0.650 0.002 0 30.00
10.00 0.05000 10.0 0.00035 0 0.650 0.100 0.650 0.002 0 30.00
10.50 0.04762 10.5 0.00036 0 0.650 0.100 0.650 0.002 0 30.06
11.00 0.04545 11.0 0.00036 0 0.650 0.100 0.650 0.002 0 30.06
11.50 0.04348 11.5 0.00036 0 0.650 0.100 0.650 0.002 0 30.00
12.00 0.04167 12.0 0.00036 0 0.650 0.100 0.650 0.002 0 30.00
12.50 0.04000 12.5 0.00036 0 0.650 0.100 0.650 0.002 0 30.00
13.00 0.03846 13.0 0.00036 0 0.650 0.100 0.650 0.002 0 30.00
13.50 0.03704 13.5 0.00036 0 0.650 0.100 0.650 0.002 0 30.00
14.00 0.03571 14.0 0.00037 0 0.650 0.100 0.650 0.002 0 30.00
14.50 0.03448 14.5 0.00037 0 0.650 0.100 0.650 0.002 0 30.00
15.00 0.03333 15.0 0.00037 0 0.650 0.100 0.650 0.002 0 30.00
15.50 0.03226 15.5 0.00037 0 0.650 0.100 0.650 0.002 0 30.06
16.00 0.03125 16.0 0.00037 0 0.650 0.100 0.650 0.002 0 30.00
16.50 0.03030 16.5 0.00037 0 0.650 0.100 0.650 0.002 0 30.00
17.00 0.02941 17.0 0.00037 0 0.650 0.100 0.650 0.002 0 30.00
17.50 0.02857 17.5 0.00037 0 0.650 0.100 0.650 0.002 0 30.00
18.00 0.02778 18.0 0.00037 0 0.650 0.100 0.650 0.002 0 30.00
18.50 0.02703 18.5 0.00037 0 0.650 0.100 0.650 0.002 0 30.00
19.00 0.02632 19.0 0.00038 0 0.650 0.100 0.650 0.002 0 30.06
19.50 0.02564 19.5 0.00038 0 0.650 0.100 0.650 0.002 0 30.00
20.00 0.02500 20.0 0.00038 0 0.650 0.100 0.650 0.002 0 30.00
20.50 0.02439 20.5 0.00038 0 0.650 0.100 0.650 0.002 0 30.00
21.00 0.02381 21.0 0.00038 0 0.650 0.100 0.650 0.002 0 30.00
21.50 0.02326 21.5 0.00038 0 0.650 0.100 0.650 0.002 0 30.00
22.00 0.02273 22.0 0.00038 0 0.650 0.100 0.650 0.002 0 30.00
22.50 0.02222 22.5 0.00038 0 0.650 0.100 0.650 0.002 0 30.00
23.00 0.02174 23.0 0.00038 0 0.650 0.100 0.650 0.002 0 30.00
23.50 0.02128 23.5 0.00039 0 0.650 0.100 0.650 0.002 0 30.00
24.00 0.02083 24.0 0.00039 0 0.650 0.100 0.650 0.002 0 30.00
24.50 0.02041 24.5 0.00039 0 0.650 0.100 0.650 0.002 0 30.00
25.00 0.02000 25.0 0.00039 0 0.650 0.100 0.650 0.002 0 30.00
25.50 0.01961 25.5 0.00039 0 0.650 0.100 0.650 0.002 0 30.00
26.00 0.01923 26.0 0.00039 0 0.650 0.100 0.650 0.002 0 30.00
26.50 0.01887 26.5 0.00039 0 0.650 0.100 0.650 0.002 0 30.00
27.00 0.01852 27.0 0.00039 0 0.650 0.100 0.650 0.002 0 30.00
27.50 0.01818 27.5 0.00039 0 0.650 0.100 0.650 0.002 0 30.00
28.00 0.01786 28.0 0.00040 0 0.650 0.100 0.650 0.002 0 30.00
28.50 0.01754 28.5 0.00040 0 0.650 0.100 0.650 0.002 0 30.00
29.00 0.01724 29.0 0.00040 0 0.650 0.100 0.650 0.002 0 30.00
29.50 0.01695 29.5 0.00040 0 0.650 0.100 0.650 0.002 0 30.00
30.00 0.01667 30.0 0.00040 0 0.650 0.100 0.650 0.002 0 30.00
30.50 0.01639 30.5 0.00040 0 0.650 0.100 0.650 0.002 0 30.00
31.00 0.01613 31.0 0.00040 0 0.650 0.100 0.650 0.002 0 30.00
31.50 0.01587 31.5 0.00040 0 0.650 0.100 0.650 0.002 0 30.00
32.00 0.01562 32.0 0.00040 0 0.650 0.100 0.650 0.002 0 30.00
32.50 0.01538 32.5 0.00041 0 0.650 0.100 0.650 0.002 0 30.00
33.00 0.01515 33.0 0.00041 0 0.650 0.100 0.650 0.002 0 30.00
33.50 0.01493 33.5 0.00041 0 0.650 0.100 0.650 0.002 0 30.00
34.00 0.01471 34.0 0.00041 0 0.650 0.100 0.650 0.002 0 30.00
34.50 0.01449 34.5 0.00041 0 0.650 0.100 0.650 0.002 0 30.00
35.00 0.01429 35.0 0.00041 0 0.650 0.100 0.650 0.002 0 30.00
35.50 0.01408 35.5 0.00041 0 0.650 0.100 0.650 0.002 0 30.00
36.00 0.01389 36.0 0.00041 0 0.650 0.100 0.650 0.002 0 30.00
36.50 0.01370 36.5 0.00041 0 0.650 0.100 0.650 0.002 0 30.00
37.00 0.01351 37.0 0.00041 0 0.650 0.100 0.650 0.002 0 30.00
37.50 0.01333 37.5 0.00041 0 0.650 0.100 0.650 0.002 0 30.00
38.00 0.01316 38.0 0.00042 0 0.650 0.100 0.650 0.002 0 30.00
38.50 0.01299 38.5 0.00042 0 0.650 0.100 0.650 0.002 0 30.00
39.00 0.01282 39.0 0.00042 0 0.650 0.100 0.650 0.002 0 30.00
39.50 0.01266 39.5 0.00042 0 0.650 0.100 0.650 0.002 0 30.00
40.00 0.01250 40.0 0.00042 0 0.650 0.100 0.650 0.002 0 30.00
0.00 0.10000 0.1 0.00000 0 1.150 0.100 1.150 0.002 0 30.00
0.50 0.10000 0.6 0.00283 0 1.150 0.100 1.150 0.002 0 30.00
1.00 0.10000 1.0 0.00287 0 1.150 0.100 1.150 0.002 0 30.00
1.50 0.10000 1.5 0.00290 0 1.150 0.100 1.150 0.002 0 30.00
2.00 0.10000 2.0 0.00291 0 1.150 0.100 1.150 0.002 0 30.00
2.50 0.10000 2.5 0.00294 0 1.150 0.100 1.150 0.002 0 30.00
3.00 0.10000 3.0 0.00295 0 1.150 0.100 1.150 0.002 0 30.00
3.50 0.10000 3.5 0.00297 0 1.150 0.100 1.150 0.002 0 30.00
4.00 0.10000 4.0 0.00298 0 1.150 0.100 1.150 0.002 0 30.00
4.50 0.10000 4.5 0.00299 0 1.150 0.100 1.150 0.002 0 30.00
5.00 0.10000 5.0 0.00301 0 1.150 0.100 1.150 0.002 0 30.00
5.50 0.09091 5.5 0.00303 0 1.150 0.100 1.150 0.002 0 30.00
6.00 0.08333 6.0 0.00304 0 1.150 0.100 1.150 0.002 0 30.00
6.50 0.07692 6.5 0.00305 0 1.150 0.100 1.150 0.002 0 30.00
7.00 0.07143 7.0 0.00306 0 1.150 0.100 1.150 0.002 0 30.00
7.50 0.06667 7.5 0.00308 0 1.150 0.100 1.150 0.002 0 30.00
8.00 0.06250 8.0 0.00309 0 1.150 0.100 1.150 0.002 0 30.00
8.50 0.05882 8.5 0.00311 0 1.150 0.100 1.150 0.002 0 30.00
9.00 0.05556 9.0 0.00312 0 1.150 0.100 1.150 0.002 0 29.94
9.50 0.05263 9.5 0.00312 0 1.150 0.100 1.150 0.002 0 30.00
10.00 0.05000 10.0 0.00313 0 1.150 0.100 1.150 0.002 0 30.00
10.50 0.04762 10.5 0.00315 0 1.150 0.100 1.150 0.002 0 30.00
11.00 0.04545 11.0 0.00316 0 1.150 0.100 1.150 0.002 0 30.00
11.50 0.04348 11.5 0.00317 0 1.150 0.100 1.150 0.002 0 30.00
12.00 0.04167 12.0 0.00319 0 1.150 0.100 1.150 0.002 0 30.00
12.50 0.04000 12.5 0.00319 0 1.150 0.100 1.150 0.002 0 30.00
13.00 0.03846 13.0 0.00320 0 1.150 0.100 1.150 0.002 0 30.00
13.50 0.03704 13.5 0.00321 0 1.150 0.100 1.150 0.002 0 30.00
14.00 0.03571 14.0 0.00323 0 1.150 0.100 1.150 0.002 0 30.00
14.50 0.03448 14.5 0.00323 0 1.150 0.100 1.150 0.002 0 30.00
15.00 0.03333 15.0 0.00325 0 1.150 0.100 1.150 0.002 0 30.00
15.50 0.03226 15.5 0.00326 0 1.150 0.100 1.150 0.002 0 30.00
16.00 0.03125 16.0 0.00327 0 1.150 0.100 1.150 0.002 0 30.00
16.50 0.03030 16.5 0.00328 0 1.150 0.100 1.150 0.002 0 30.00
17.00 0.02941 17.0 0.00329 0 1.150 0.100 1.150 0.002 0 30.00
17.50 0.02857 17.5 0.00330 0 1.150 0.100 1.150 0.002 0 30.00
18.00 0.02778 18.0 0.00331 0 1.150 0.100 1.150 0.002 0 30.00
18.50 0.02703 18.5 0.00332 0 1.150 0.100 1.150 0.002 0 30.00
19.00 0.02632 19.0 0.00333 0 1.150 0.100 1.150 0.002 0 30.00
19.50 0.02564 19.5 0.00334 0 1.150 0.100 1.150 0.002 0 30.00
20.00 0.02500 20.0 0.00335 0 1.150 0.100 1.150 0.002 0 30.00
20.50 0.02439 20.5 0.00336 0 1.150 0.100 1.150 0.002 0 30.00
21.00 0.02381 21.0 0.00337 0 1.150 0.100 1.150 0.002 0 30.00
21.50 0.02326 21.5 0.00338 0 1.150 0.100 1.150 0.002 0 30.00
22.00 0.02273 22.0 0.00340 0 1.150 0.100 1.150 0.002 0 30.00
22.50 0.02222 22.5 0.00340 0 1.150 0.100 1.150 0.002 0 30.00
23.00 0.02174 23.0 0.00341 0 1.150 0.100 1.150 0.002 0 30.00
23.50 0.02128 23.5 0.00342 0 1.150 0.100 1.150 0.002 0 30.00
24.00 0.02083 24.0 0.00343 0 1.150 0.100 1.150 0.002 0 30.00
24.50 0.02041 24.5 0.00345 0 1.150 0.100 1.150 0.002 0 30.00
25.00 0.02000 25.0 0.00346 0 1.150 0.100 1.150 0.002 0 30.00
25.50 0.01961 25.5 0.00347 0 1.150 0.100 1.150 0.002 0 30.00
26.00 0.01923 26.0 0.00347 0 1.150 0.100 1.150 0.002 0 30.00
26.50 0.01887 26.5 0.00349 0 1.150 0.100 1.150 0.002 0 30.00
27.00 0.01852 27.0 0.00350 0 1.150 0.100 1.150 0.002 0 30.00
27.50 0.01818 27.5 0.00351 0 1.150 0.100 1.150 0.002 0 30.00
28.00 0.01786 28.0 0.00352 0 1.150 0.100 1.150 0.002 0 30.00
28.50 0.01754 28.5 0.00353 0 1.150 0.100 1.150 0.002 0 30.00
29.00 0.01724 29.0 0.00354 0 1.150 0.100 1.150 0.002 0 30.00
29.50 0.01695 29.5 0.00355 0 1.150 0.100 1.150 0.002 0 30.00
30.00 0.01667 30.0 0.00356 0 1.150 0.100 1.150 0.002 0 30.00
30.50 0.01639 30.5 0.00357 0 1.150 0.100 1.150 0.002 0 30.00
31.00 0.01613 31.0 0.00359 0 1.150 0.100 1.150 0.002 0 30.00
31.50 0.01587 31.5 0.00360 0 1.150 0.100 1.150 0.002 0 30.00
32.00 0.01562 32.0 0.00361 0 1.150 0.100 1.150 0.002 0 30.00
32.50 0.01538 32.5 0.00362 0 1.150 0.100 1.150 0.002 0 30.00
33.00 0.01515 33.0 0.00363 0 1.150 0.100 1.150 0.002 0 30.00
33.50 0.01493 33.5 0.00364 0 1.150 0.100 1.150 0.002 0 30.00
34.00 0.01471 34.0 0.00365 0 1.150 0.100 1.150 0.002 0 30.00
34.50 0.01449 34.5 0.00367 0 1.150 0.100 1.150 0.002 0 30.00
35.00 0.01429 35.0 0.00368 0 1.150 0.100 1.150 0.002 0 30.00
35.50 0.01408 35.5 0.00369 0 1.150 0.100 1.150 0.002 0 30.00
36.00 0.01389 36.0 0.00369 0 1.150 0.100 1.150 0.002 0 30.00
36.50 0.01370 36.5 0.00371 0 1.150 0.100 1.150 0.002 0 30.00
37.00 0.01351 37.0 0.00373 0 1.150 0.100 1.150 0.002 0 30.06
37.50 0.01333 37.5 0.00373 0 1.150 0.100 1.150 0.002 0 30.00
38.00 0.01316 38.0 0.00375 0 1.150 0.100 1.150 0.002 0 30.00
38.50 0.01299 38.5 0.00376 0 1.150 0.100 1.150 0.002 0 30.00
39.00 0.01282 39.0 0.00376 0 1.150 0.100 1.150 0.002 0 30.00
39.50 0.01266 39.5 0.00378 0 1.150 0.100 1.150 0.002 0 30.00
40.00 0.01250 40.0 0.00380 0 1.150 0.100 1.150 0.002 0 30.00
0.00 0.10000 0.1 0.00005 0 1.650 0.100 1.650 0.002 0 30.00
0.50 0.10000 0.6 0.00531 0 1.650 0.100 1.650 0.002 0 30.00
1.00 0.10000 1.0 0.00556 0 1.650 0.100 1.650 0.002 0 30.00
1.50 0.10000 1.5 0.00562 0 1.650 0.100 1.650 0.002 0 30.00
2.00 0.10000 2.0 0.00567 0 1.650 0.100 1.650 0.002 0 30.00
2.50 0.10000 2.5 0.00571 0 1.650 0.100 1.650 0.002 0 30.00
3.00 0.10000 3.0 0.00575 0 1.650 0.100 1.650 0.002 0 30.00
3.50 0.10000 3.5 0.00577 0 1.650 0.100 1.650 0.002 0 30.00
4.00 0.10000 4.0 0.00581 0 1.650 0.100 1.650 0.002 0 30.00
4.50 0.10000 4.5 0.00584 0 1.650 0.100 1.650 0.002 0 30.00
5.00 0.10000 5.0 0.00588 0 1.650 0.100 1.650 0.002 0 30.00
5.50 0.09091 5.5 0.00590 0 1.650 0.100 1.650 0.002 0 30.00
6.00 0.08333 6.0 0.00593 0 1.650 0.100 1.650 0.002 0 30.00
6.50 0.07692 6.5 0.00596 0 1.650 0.100 1.650 0.002 0 30.00
7.00 0.07143 7.0 0.00598 0 1.650 0.100 1.650 0.002 0 30.00
7.50 0.06667 7.5 0.00601 0 1.650 0.100 1.650 0.002 0 30.00
8.00 0.06250 8.0 0.00603 0 1.650 0.100 1.650 0.002 0 30.00
8.50 0.05882 8.5 0.00605 0 1.650 0.100 1.650 0.002 0 30.00
9.00 0.05556 9.0 0.00609 0 1.650 0.100 1.650 0.002 0 30.00
9.50 0.05263 9.5 0.00611 0 1.650 0.100 1.650 0.002 0 30.00
10.00 0.05000 10.0 0.00613 0 1.650 0.100 1.650 0.002 0 30.00
10.50 0.04762 10.5 0.00616 0 1.650 0.100 1.650 0.002 0 30.00
11.00 0.04545 11.0 0.00618 0 1.650 0.100 1.650 0.002 0 30.00
11.50 0.04348 11.5 0.00621 0 1.650 0.100 1.650 0.002 0 30.00
12.00 0.04167 12.0 0.00623 0 1.650 0.100 1.650 0.002 0 30.00
12.50 0.04000 12.5 0.00625 0 1.650 0.100 1.650 0.002 0 30.00
13.00 0.03846 13.0 0.00628 0 1.650 0.100 1.650 0.002 0 30.00
13.50 0.03704 13.5 0.00630 0 1.650 0.100 1.650 0.002 0 30.00
14.00 0.03571 14.0 0.00632 0 1.650 0.100 1.650 0.002 0 30.00
14.50 0.03448 14.5 0.00635 0 1.650 0.100 1.650 0.002 0 30.00
15.00 0.03333 15.0 0.00638 0 1.650 0.100 1.650 0.002 0 30.00
15.50 0.03226 15.5 0.00640 0 1.650 0.100 1.650 0.002 0 30.00
16.00 0.03125 16.0 0.00642 0 1.650 0.100 1.650 0.002 0 30.00
16.50 0.03030 16.5 0.00645 0 1.650 0.100 1.650 0.002 0 30.00
17.00 0.02941 17.0 0.00647 0 1.650 0.100 1.650 0.002 0 30.00
17.50 0.02857 17.5 0.00649 0 1.650 0.100 1.650 0.002 0 30.00
18.00 0.02778 18.0 0.00652 0 1.650 0.100 1.650 0.002 0 30.00
18.50 0.02703 18.5 0.00653 0 1.650 0.100 1.650 0.002 0 30.00
19.00 0.02632 19.0 0.00656 0 1.650 0.100 1.650 0.002 0 30.00
19.50 0.02564 19.5 0.00658 0 1.650 0.100 1.650 0.002 0 30.00
20.00 0.02500 20.0 0.00660 0 1.650 0.100 1.650 0.002 0 30.00
20.50 0.02439 20.5 0.00663 0 1.650 0.100 1.650 0.002 0 30.00
21.00 0.02381 21.0 0.00666 0 1.650 0.100 1.650 0.002 0 30.00
21.50 0.02326 21.5 0.00668 0 1.650 0.100 1.650 0.002 0 30.00
22.00 0.02273 22.0 0.00671 0 1.650 0.100 1.650 0.002 0 30.00
22.50 0.02222 22.5 0.00673 0 1.650 0.100 1.650 0.002 0 30.00
23.00 0.02174 23.0 0.00675 0 1.650 0.100 1.650 0.002 0 30.00
23.50 0.02128 23.5 0.00678 0 1.650 0.100 1.650 0.002 0 30.00
24.00 0.02083 24.0 0.00681 0 1.650 0.100 1.650 0.002 0 30.00
24.50 0.02041 24.5 0.00683 0 1.650 0.100 1.650 0.002 0 30.00
25.00 0.02000 25.0 0.00686 0 1.650 0.100 1.650 0.002 0 30.00
25.50 0.01961 25.5 0.00687 0 1.650 0.100 1.650 0.002 0 30.00
26.00 0.01923 26.0 0.00689 0 1.650 0.100 1.650 0.002 0 30.00
26.50 0.01887 26.5 0.00693 0 1.650 0.100 1.650 0.002 0 30.00
27.00 0.01852 27.0 0.00695 0 1.650 0.100 1.650 0.002 0 30.00
27.50 0.01818 27.5 0.00697 0 1.650 0.100 1.650 0.002 0 30.00
28.00 0.01786 28.0 0.00700 0 1.650 0.100 1.650 0.002 0 30.00
28.50 0.01754 28.5 0.00702 0 1.650 0.100 1.650 0.002 0 30.00
29.00 0.01724 29.0 0.00704 0 1.650 0.100 1.650 0.002 0 30.00
29.50 0.01695 29.5 0.00708 0 1.650 0.100 1.650 0.002 0 30.00
30.00 0.01667 30.0 0.00710 0 1.650 0.100 1.650 0.002 0 30.00
30.50 0.01639 30.5 0.00713 0 1.650 0.100 1.650 0.002 0 30.00
31.00 0.01613 31.0 0.00714 0 1.650 0.100 1.650 0.002 0 30.00
31.50 0.01587 31.5 0.00716 0 1.650 0.100 1.650 0.002 0 30.00
32.00 0.01562 32.0 0.00720 0 1.650 0.100 1.650 0.002 0 30.00
32.50 0.01538 32.5 0.00722 0 1.650 0.100 1.650 0.002 0 30.00
33.00 0.01515 33.0 0.00724 0 1.650 0.100 1.650 0.002 0 30.00
33.50 0.01493 33.5 0.00728 0 1.650 0.100 1.650 0.002 0 30.00
34.00 0.01471 34.0 0.00731 0 1.650 0.100 1.650 0.002 0 30.00
34.50 0.01449 34.5 0.00733 0 1.650 0.100 1.650 0.002 0 30.00
35.00 0.01429 35.0 0.00736 0 1.650 0.100 1.650 0.002 0 30.00
35.50 0.01408 35.5 0.00738 0 1.650 0.100 1.650 0.002 0 30.00
36.00 0.01389 36.0 0.00740 0 1.650 0.100 1.650 0.002 0 30.00
36.50 0.01370 36.5 0.00744 0 1.650 0.100 1.650 0.002 0 30.00
37.00 0.01351 37.0 0.00746 0 1.650 0.100 1.650 0.002 0 30.00
37.50 0.01333 37.5 0.00749 0 1.650 0.100 1.650 0.002 0 30.00
38.00 0.01316 38.0 0.00752 0 1.650 0.100 1.650 0.002 0 30.00
38.50 0.01299 38.5 0.00755 0 1.650 0.100 1.650 0.002 0 30.00
39.00 0.01282 39.0 0.00759 0 1.650 0.100 1.650 0.002 0 30.00
39.50 0.01266 39.5 0.00761 0 1.650 0.100 1.650 0.002 0 30.00
40.00 0.01250 40.0 0.00764 0 1.650 0.100 1.650 0.002 0 30.00
0.00 0.10000 0.1 0.00006 0 2.150 0.100 2.150 0.002 0 30.00
0.50 0.10000 0.6 0.00709 0 2.150 0.100 2.150 0.002 0 30.00
1.00 0.10000 1.1 0.00815 0 2.150 0.100 2.150 0.002 0 30.00
1.50 0.10000 1.5 0.00825 0 2.150 0.100 2.150 0.002 0 30.00
2.00 0.10000 2.0 0.00833 0 2.150 0.100 2.150 0.002 0 30.00
2.50 0.10000 2.5 0.00840 0 2.150 0.100 2.150 0.002 0 30.00
3.00 0.10000 3.0 0.00845 0 2.150 0.100 2.150 0.002 0 30.00
3.50 0.10000 3.5 0.00851 0 2.150 0.100 2.150 0.002 0 30.00
4.00 0.10000 4.0 0.00857 0 2.150 0.100 2.150 0.002 0 30.00
4.50 0.10000 4.5 0.00861 0 2.150 0.100 2.150 0.002 0 30.00
5.00 0.10000 5.0 0.00866 0 2.150 0.100 2.150 0.002 0 30.00
5.50 0.09091 5.5 0.00871 0 2.150 0.100 2.150 0.002 0 30.00
6.00 0.08333 6.0 0.00875 0 2.150 0.100 2.150 0.002 0 30.00
6.50 0.07692 6.5 0.00880 0 2.150 0.100 2.150 0.002 0 30.00
7.00 0.07143 7.0 0.00884 0 2.150 0.100 2.150 0.002 0 30.00
7.50 0.06667 7.5 0.00888 0 2.150 0.100 2.150 0.002 0 30.00
8.00 0.06250 8.0 0.00893 0 2.150 0.100 2.150 0.002 0 30.00
8.50 0.05882 8.5 0.00897 0 2.150 0.100 2.150 0.002 0 30.00
9.00 0.05556 9.0 0.00901 0 2.150 0.100 2.150 0.002 0 30.00
9.50 0.05263 9.5 0.00905 0 2.150 0.100 2.150 0.002 0 30.00
10.00 0.05000 10.0 0.00909 0 2.150 0.100 2.150 0.002 0 30.00
10.50 0.04762 10.5 0.00913 0 2.150 0.100 2.150 0.002 0 30.00
11.00 0.04545 11.0 0.00917 0 2.150 0.100 2.150 0.002 0 30.00
11.50 0.04348 11.5 0.00922 0 2.150 0.100 2.150 0.002 0 30.00
12.00 0.04167 12.0 0.00925 0 2.150 0.100 2.150 0.002 0 30.00
12.50 0.04000 12.5 0.00929 0 2.150 0.100 2.150 0.002 0 30.00
13.00 0.03846 13.0 0.00933 0 2.150 0.100 2.150 0.002 0 30.00
13.50 0.03704 13.5 0.00936 0 2.150 0.100 2.150 0.002 0 30.00
14.00 0.03571 14.0 0.00941 0 2.150 0.100 2.150 0.002 0 30.00
14.50 0.03448 14.5 0.00944 0 2.150 0.100 2.150 0.002 0 30.00
15.00 0.03333 15.0 0.00949 0 2.150 0.100 2.150 0.002 0 30.00
15.50 0.03226 15.5 0.00952 0 2.150 0.100 2.150 0.002 0 30.00
16.00 0.03125 16.0 0.00957 0 2.150 0.100 2.150 0.002 0 30.00
16.50 0.03030 16.5 0.00960 0 2.150 0.100 2.150 0.002 0 30.00
17.00 0.02941 17.0 0.00965 0 2.150 0.100 2.150 0.002 0 30.00
17.50 0.02857 17.5 0.00969 0 2.150 0.100 2.150 0.002 0 30.00
18.00 0.02778 18.0 0.00972 0 2.150 0.100 2.150 0.002 0 30.00
18.50 0.02703 18.5 0.00975 0 2.150 0.100 2.150 0.002 0 30.00
19.00 0.02632 19.0 0.00979 0 2.150 0.100 2.150 0.002 0 30.00
19.50 0.02564 19.5 0.00983 0 2.150 0.100 2.150 0.002 0 30.00
20.00 0.02500 20.0 0.00987 0 2.150 0.100 2.150 0.002 0 30.00
20.50 0.02439 20.5 0.00993 0 2.150 0.100 2.150 0.002 0 30.00
21.00 0.02381 21.0 0.00995 0 2.150 0.100 2.150 0.002 0 30.00
21.50 0.02326 21.5 0.01000 0 2.150 0.100 2.150 0.002 0 30.00
22.00 0.02273 22.0 0.01004 0 2.150 0.100 2.150 0.002 0 30.00
22.50 0.02222 22.5 0.01007 0 2.150 0.100 2.150 0.002 0 30.00
23.00 0.02174 23.0 0.01013 0 2.150 0.100 2.150 0.002 0 30.00
23.50 0.02128 23.5 0.01015 0 2.150 0.100 2.150 0.002 0 30.00
24.00 0.02083 24.0 0.01019 0 2.150 0.100 2.150 0.002 0 30.00
24.50 0.02041 24.5 0.01023 0 2.150 0.100 2.150 0.002 0 30.00
25.00 0.02000 25.0 0.01027 0 2.150 0.100 2.150 0.002 0 30.00
25.50 0.01961 25.5 0.01030 0 2.150 0.100 2.150 0.002 0 30.00
26.00 0.01923 26.0 0.01035 0 2.150 0.100 2.150 0.002 0 30.00
26.50 0.01887 26.5 0.01040 0 2.150 0.100 2.150 0.002 0 30.00
27.00 0.01852 27.0 0.01043 0 2.150 0.100 2.150 0.002 0 30.00
27.50 0.01818 27.5 0.01047 0 2.150 0.100 2.150 0.002 0 30.00
28.00 0.01786 28.0 0.01053 0 2.150 0.100 2.150 0.002 0 30.00
28.50 0.01754 28.5 0.01056 0 2.150 0.100 2.150 0.002 0 30.00
29.00 0.01724 29.0 0.01061 0 2.150 0.100 2.150 0.002 0 30.00
29.50 0.01695 29.5 0.01064 0 2.150 0.100 2.150 0.002 0 30.00
30.00 0.01667 30.0 0.01069 0 2.150 0.100 2.150 0.002 0 30.00
30.50 0.01639 30.5 0.01073 0 2.150 0.100 2.150 0.002 0 30.00
31.00 0.01613 31.0 0.01078 0 2.150 0.100 2.150 0.002 0 30.00
31.50 0.01587 31.5 0.01083 0 2.150 0.100 2.150 0.002 0 30.00
32.00 0.01562 32.0 0.01087 0 2.150 0.100 2.150 0.002 0 30.00
32.50 0.01538 32.5 0.01090 0 2.150 0.100 2.150 0.002 0 30.00
33.00 0.01515 33.0 0.01096 0 2.150 0.100 2.150 0.002 0 30.00
33.50 0.01493 33.5 0.01101 0 2.150 0.100 2.150 0.002 0 30.00
34.00 0.01471 34.0 0.01104 0 2.150 0.100 2.150 0.002 0 30.00
34.50 0.01449 34.5 0.01108 0 2.150 0.100 2.150 0.002 0 30.00
35.00 0.01429 35.0 0.01117 0 2.150 0.100 2.150 0.002 0 30.00
35.50 0.01408 35.5 0.01120 0 2.150 0.100 2.150 0.002 0 30.06
36.00 0.01389 36.0 0.01125 0 2.150 0.100 2.150 0.002 0 30.00
36.50 0.01370 36.5 0.01130 0 2.150 0.100 2.150 0.002 0 30.00
37.00 0.01351 37.0 0.01135 0 2.150 0.100 2.150 0.002 0 30.00
37.50 0.01333 37.5 0.01140 0 2.150 0.100 2.150 0.002 0 30.00
38.00 0.01316 38.0 0.01144 0 2.150 0.100 2.150 0.002 0 30.00
38.50 0.01299 38.5 0.01149 0 2.150 0.100 2.150 0.002 0 30.00
39.00 0.01282 39.0 0.01154 0 2.150 0.100 2.150 0.002 0 30.00
39.50 0.01266 39.5 0.01161 0 2.150 0.100 2.150 0.002 0 30.00
40.00 0.01250 40.0 0.01166 0 2.150 0.100 2.150 0.002 0 30.00
0.00 0.10000 0.1 0.00007 0 2.650 0.100 2.650 0.002 0 30.00
0.50 0.10000 0.6 0.00850 0 2.650 0.100 2.650 0.002 0 30.00
1.00 0.10000 1.1 0.01043 0 2.650 0.100 2.650 0.002 0 30.00
1.50 0.10000 1.5 0.01081 0 2.650 0.100 2.650 0.002 0 30.00
2.00 0.10000 2.0 0.01093 0 2.650 0.100 2.650 0.002 0 30.00
2.50 0.10000 2.5 0.01102 0 2.650 0.100 2.650 0.002 0 30.00
3.00 0.10000 3.0 0.01111 0 2.650 0.100 2.650 0.002 0 30.00
3.50 0.10000 3.5 0.01119 0 2.650 0.100 2.650 0.002 0 30.00
4.00 0.10000 4.0 0.01126 0 2.650 0.100 2.650 0.002 0 30.00
4.50 0.10000 4.5 0.01133 0 2.650 0.100 2.650 0.002 0 30.00
5.00 0.10000 5.0 0.01140 0 2.650 0.100 2.650 0.002 0 30.00
5.50 0.09091 5.5 0.01146 0 2.650 0.100 2.650 0.002 0 30.00
6.00 0.08333 6.0 0.01151 0 2.650 0.100 2.650 0.002 0 30.00
6.50 0.07692 6.5 0.01158 0 2.650 0.100 2.650 0.002 0 30.00
7.00 0.07143 7.0 0.01164 0 2.650 0.100 2.650 0.002 0 30.00
7.50 0.06667 7.5 0.01171 0 2.650 0.100 2.650 0.002 0 30.00
8.00 0.06250 8.0 0.01176 0 2.650 0.100 2.650 0.002 0 30.00
8.50 0.05882 8.5 0.01182 0 2.650 0.100 2.650 0.002 0 30.00
9.00 0.05556 9.0 0.01187 0 2.650 0.100 2.650 0.002 0 30.00
9.50 0.05263 9.5 0.01193 0 2.650 0.100 2.650 0.002 0 30.00
10.00 0.05000 10.0 0.01199 0 2.650 0.100 2.650 0.002 0 30.00
10.50 0.04762 10.5 0.01206 0 2.650 0.100 2.650 0.002 0 30.00
11.00 0.04545 11.0 0.01211 0 2.650 0.100 2.650 0.002 0 30.00
11.50 0.04348 11.5 0.01216 0 2.650 0.100 2.650 0.002 0 30.00
12.00 0.04167 12.0 0.01223 0 2.650 0.100 2.650 0.002 0 30.00
12.50 0.04000 12.5 0.01228 0 2.650 0.100 2.650 0.002 0 30.00
13.00 0.03846 13.0 0.01233 0 2.650 0.100 2.650 0.002 0 30.00
13.50 0.03704 13.5 0.01238 0 2.650 0.100 2.650 0.002 0 30.00
14.00 0.03571 14.0 0.01244 0 2.650 0.100 2.650 0.002 0 30.00
14.50 0.03448 14.5 0.01249 0 2.650 0.100 2.650 0.002 0 30.00
15.00 0.03333 15.0 0.01256 0 2.650 0.100 2.650 0.002 0 30.00
15.50 0.03226 15.5 0.01262 0 2.650 0.100 2.650 0.002 0 30.00
16.00 0.03125 16.0 0.01267 0 2.650 0.100 2.650 0.002 0 30.00
16.50 0.03030 16.5 0.01273 0 2.650 0.100 2.650 0.002 0 30.00
17.00 0.02941 17.0 0.01279 0 2.650 0.100 2.650 0.002 0 30.00
17.50 0.02857 17.5 0.01285 0 2.650 0.100 2.650 0.002 0 30.00
18.00 0.02778 18.0 0.01291 0 2.650 0.100 2.650 0.002 0 30.00
18.50 0.02703 18.5 0.01295 0 2.650 0.100 2.650 0.002 0 30.00
19.00 0.02632 19.0 0.01303 0 2.650 0.100 2.650 0.002 0 30.00
19.50 0.02564 19.5 0.01308 0 2.650 0.100 2.650 0.002 0 30.00
20.00 0.02500 20.0 0.01313 0 2.650 0.100 2.650 0.002 0 30.00
20.50 0.02439 20.5 0.01319 0 2.650 0.100 2.650 0.002 0 30.00
21.00 0.02381 21.0 0.01324 0 2.650 0.100 2.650 0.002 0 30.00
21.50 0.02326 21.5 0.01328 0 2.650 0.100 2.650 0.002 0 30.00
22.00 0.02273 22.0 0.01337 0 2.650 0.100 2.650 0.002 0 30.00
22.50 0.02222 22.5 0.01342 0 2.650 0.100 2.650 0.002 0 30.00
23.00 0.02174 23.0 0.01348 0 2.650 0.100 2.650 0.002 0 30.00
23.50 0.02128 23.5 0.01355 0 2.650 0.100 2.650 0.002 0 30.00
24.00 0.02083 24.0 0.01358 0 2.650 0.100 2.650 0.002 0 30.00
24.50 0.02041 24.5 0.01364 0 2.650 0.100 2.650 0.002 0 30.00
25.00 0.02000 25.0 0.01372 0 2.650 0.100 2.650 0.002 0 30.00
25.50 0.01961 25.5 0.01379 0 2.650 0.100 2.650 0.002 0 30.00
26.00 0.01923 26.0 0.01382 0 2.650 0.100 2.650 0.002 0 30.00
26.50 0.01887 26.5 0.01390 0 2.650 0.100 2.650 0.002 0 30.00
27.00 0.01852 27.0 0.01397 0 2.650 0.100 2.650 0.002 0 30.00
27.50 0.01818 27.5 0.01404 0 2.650 0.100 2.650 0.002 0 30.00
28.00 0.01786 28.0 0.01410 0 2.650 0.100 2.650 0.002 0 30.00
28.50 0.01754 28.5 0.01418 0 2.650 0.100 2.650 0.002 0 30.00
29.00 0.01724 29.0 0.01421 0 2.650 0.100 2.650 0.002 0 30.00
29.50 0.01695 29.5 0.01428 0 2.650 0.100 2.650 0.002 0 30.00
30.00 0.01667 30.0 0.01434 0 2.650 0.100 2.650 0.002 0 30.00
30.50 0.01639 30.5 0.01441 0 2.650 0.100 2.650 0.002 0 30.00
31.00 0.01613 31.0 0.01448 0 2.650 0.100 2.650 0.002 0 30.00
31.50 0.01587 31.5 0.01452 0 2.650 0.100 2.650 0.002 0 30.00
32.00 0.01562 32.0 0.01462 0 2.650 0.100 2.650 0.002 0 30.00
33.00 0.01515 33.0 0.01457 0 2.650 0.100 2.650 0.002 0 30.00
34.00 0.01471 34.0 0.01489 1 2.650 0.100 2.650 0.002 0 30.00
0.00 0.10000 0.1 0.00007 0 3.150 0.100 3.150 0.002 0 30.00
0.50 0.10000 0.6 0.00967 0 3.150 0.100 3.150 0.002 0 30.00
1.00 0.10000 1.1 0.01212 0 3.150 0.100 3.150 0.002 0 30.00
1.50 0.10000 1.5 0.01319 0 3.150 0.100 3.150 0.002 0 30.00
2.00 0.10000 2.0 0.01340 0 3.150 0.100 3.150 0.002 0 29.94
2.50 0.10000 2.5 0.01354 0 3.150 0.100 3.150 0.002 0 30.00
3.00 0.10000 3.0 0.01365 0 3.150 0.100 3.150 0.002 0 30.00
3.50 0.10000 3.5 0.01376 0 3.150 0.100 3.150 0.002 0 30.00
4.00 0.10000 4.0 0.01385 0 3.150 0.100 3.150 0.002 0 30.00
4.50 0.10000 4.5 0.01395 0 3.150 0.100 3.150 0.002 0 30.00
5.00 0.10000 5.0 0.01404 0 3.150 0.100 3.150 0.002 0 30.00
5.50 0.09091 5.5 0.01412 0 3.150 0.100 3.150 0.002 0 30.00
6.00 0.08333 6.0 0.01419 0 3.150 0.100 3.150 0.002 0 30.00
6.50 0.07692 6.5 0.01428 0 3.150 0.100 3.150 0.002 0 30.00
7.00 0.07143 7.0 0.01436 0 3.150 0.100 3.150 0.002 0 30.00
7.50 0.06667 7.5 0.01445 0 3.150 0.100 3.150 0.002 0 30.00
8.00 0.06250 8.0 0.01452 0 3.150 0.100 3.150 0.002 0 30.00
8.50 0.05882 8.5 0.01460 0 3.150 0.100 3.150 0.002 0 30.00
9.00 0.05556 9.0 0.01468 0 3.150 0.100 3.150 0.002 0 30.00
9.50 0.05263 9.5 0.01475 0 3.150 0.100 3.150 0.002 0 30.00
10.00 0.05000 10.0 0.01483 0 3.150 0.100 3.150 0.002 0 30.00
10.50 0.04762 10.5 0.01491 0 3.150 0.100 3.150 0.002 0 30.00
11.00 0.04545 11.0 0.01498 0 3.150 0.100 3.150 0.002 0 30.00
11.50 0.04348 11.5 0.01506 0 3.150 0.100 3.150 0.002 0 30.00
12.00 0.04167 12.0 0.01513 0 3.150 0.100 3.150 0.002 0 30.00
12.50 0.04000 12.5 0.01521 0 3.150 0.100 3.150 0.002 0 30.00
13.00 0.03846 13.0 0.01527 0 3.150 0.100 3.150 0.002 0 30.00
13.50 0.03704 13.5 0.01536 0 3.150 0.100 3.150 0.002 0 30.00
14.00 0.03571 14.0 0.01544 0 3.150 0.100 3.150 0.002 0 30.00
14.50 0.03448 14.5 0.01551 0 3.150 0.100 3.150 0.002 0 30.00
15.00 0.03333 15.0 0.01559 0 3.150 0.100 3.150 0.002 0 30.00
15.50 0.03226 15.5 0.01565 0 3.150 0.100 3.150 0.002 0 30.00
16.00 0.03125 16.0 0.01573 0 3.150 0.100 3.150 0.002 0 30.00
16.50 0.03030 16.5 0.01581 0 3.150 0.100 3.150 0.002 0 30.00
17.00 0.02941 17.0 0.01588 0 3.150 0.100 3.150 0.002 0 30.00
17.50 0.02857 17.5 0.01596 0 3.150 0.100 3.150 0.002 0 30.00
18.00 0.02778 18.0 0.01604 0 3.150 0.100 3.150 0.002 0 30.00
18.50 0.02703 18.5 0.01609 0 3.150 0.100 3.150 0.002 0 30.00
19.00 0.02632 19.0 0.01618 0 3.150 0.100 3.150 0.002 0 30.00
19.50 0.02564 19.5 0.01625 0 3.150 0.100 3.150 0.002 0 30.00
20.00 0.02500 20.0 0.01634 0 3.150 0.100 3.150 0.002 0 30.00
20.50 0.02439 20.5 0.01641 0 3.150 0.100 3.150 0.002 0 30.00
21.00 0.02381 21.0 0.01650 0 3.150 0.100 3.150 0.002 0 30.00
21.50 0.02326 21.5 0.01659 0 3.150 0.100 3.150 0.002 0 30.00
22.00 0.02273 22.0 0.01667 0 3.150 0.100 3.150 0.002 0 30.00
22.50 0.02222 22.5 0.01675 0 3.150 0.100 3.150 0.002 0 30.00
23.00 0.02174 23.0 0.01682 0 3.150 0.100 3.150 0.002 0 30.00
23.50 0.02128 23.5 0.01689 0 3.150 0.100 3.150 0.002 0 30.00
24.00 0.02083 24.0 0.01698 0 3.150 0.100 3.150 0.002 0 30.00
24.50 0.02041 24.5 0.01707 0 3.150 0.100 3.150 0.002 0 30.00
25.00 0.02000 25.0 0.01715 0 3.150 0.100 3.150 0.002 0 30.00
25.50 0.01961 25.5 0.01723 0 3.150 0.100 3.150 0.002 0 30.00
26.00 0.01923 26.0 0.01731 0 3.150 0.100 3.150 0.002 0 30.00
26.50 0.01887 26.5 0.01736 0 3.150 0.100 3.150 0.002 0 30.00
27.00 0.01852 27.0 0.01746 0 3.150 0.100 3.150 0.002 0 30.00
27.50 0.01818 27.5 0.01758 0 3.150 0.100 3.150 0.002 0 30.00
28.00 0.01786 28.0 0.01766 0 3.150 0.100 3.150 0.002 0 30.00
28.50 0.01754 28.5 0.01774 1 3.150 0.100 3.150 0.002 0 30.00
0.00 0.10000 0.1 0.00009 0 3.650 0.100 3.650 0.002 0 30.00
0.50 0.10000 0.6 0.01071 0 3.650 0.100 3.650 0.002 0 30.00
1.00 0.10000 1.1 0.01346 0 3.650 0.100 3.650 0.002 0 30.00
1.50 0.10000 1.5 0.01526 0 3.650 0.100 3.650 0.002 0 30.00
2.00 0.10000 2.0 0.01575 0 3.650 0.100 3.650 0.002 0 30.00
2.50 0.10000 2.5 0.01594 0 3.650 0.100 3.650 0.002 0 30.00
3.00 0.10000 3.0 0.01610 0 3.650 0.100 3.650 0.002 0 30.00
3.50 0.10000 3.5 0.01624 0 3.650 0.100 3.650 0.002 0 30.00
4.00 0.10000 4.0 0.01636 0 3.650 0.100 3.650 0.002 0 30.00
4.50 0.10000 4.5 0.01648 0 3.650 0.100 3.650 0.002 0 30.00
5.00 0.10000 5.0 0.01660 0 3.650 0.100 3.650 0.002 0 30.00
5.50 0.09091 5.5 0.01670 0 3.650 0.100 3.650 0.002 0 30.00
6.00 0.08333 6.0 0.01681 0 3.650 0.100 3.650 0.002 0 30.00
6.50 0.07692 6.5 0.01690 0 3.650 0.100 3.650 0.002 0 30.00
7.00 0.07143 7.0 0.01700 0 3.650 0.100 3.650 0.002 0 30.00
7.50 0.06667 7.5 0.01710 0 3.650 0.100 3.650 0.002 0 30.00
8.00 0.06250 8.0 0.01722 0 3.650 0.100 3.650 0.002 0 30.00
8.50 0.05882 8.5 0.01731 0 3.650 0.100 3.650 0.002 0 30.00
9.00 0.05556 9.0 0.01741 0 3.650 0.100 3.650 0.002 0 30.00
9.50 0.05263 9.5 0.01750 0 3.650 0.100 3.650 0.002 0 30.00
10.00 0.05000 10.0 0.01760 0 3.650 0.100 3.650 0.002 0 30.00
10.50 0.04762 10.5 0.01769 0 3.650 0.100 3.650 0.002 0 30.00
11.00 0.04545 11.0 0.01781 0 3.650 0.100 3.650 0.002 0 30.00
11.50 0.04348 11.5 0.01788 0 3.650 0.100 3.650 0.002 0 30.00
12.00 0.04167 12.0 0.01797 0 3.650 0.100 3.650 0.002 0 30.00
12.50 0.04000 12.5 0.01806 0 3.650 0.100 3.650 0.002 0 30.00
13.00 0.03846 13.0 0.01815 0 3.650 0.100 3.650 0.002 0 30.00
13.50 0.03704 13.5 0.01828 0 3.650 0.100 3.650 0.002 0 30.00
14.00 0.03571 14.0 0.01836 0 3.650 0.100 3.650 0.002 0 30.00
14.50 0.03448 14.5 0.01846 0 3.650 0.100 3.650 0.002 0 30.00
15.00 0.03333 15.0 0.01855 0 3.650 0.100 3.650 0.002 0 30.00
15.50 0.03226 15.5 0.01865 0 3.650 0.100 3.650 0.002 0 30.00
16.00 0.03125 16.0 0.01875 0 3.650 0.100 3.650 0.002 0 30.00
16.50 0.03030 16.5 0.01885 0 3.650 0.100 3.650 0.002 0 30.00
17.00 0.02941 17.0 0.01894 0 3.650 0.100 3.650 0.002 0 30.00
17.50 0.02857 17.5 0.01904 0 3.650 0.100 3.650 0.002 0 30.00
18.00 0.02778 18.0 0.01913 0 3.650 0.100 3.650 0.002 0 30.00
18.50 0.02703 18.5 0.01923 0 3.650 0.100 3.650 0.002 0 30.00
19.00 0.02632 19.0 0.01930 0 3.650 0.100 3.650 0.002 0 30.00
19.50 0.02564 19.5 0.01942 0 3.650 0.100 3.650 0.002 0 30.00
20.00 0.02500 20.0 0.01954 0 3.650 0.100 3.650 0.002 0 30.00
20.50 0.02439 20.5 0.01963 0 3.650 0.100 3.650 0.002 0 30.00
21.00 0.02381 21.0 0.01973 0 3.650 0.100 3.650 0.002 0 30.00
21.50 0.02326 21.5 0.01982 0 3.650 0.100 3.650 0.002 0 30.00
22.00 0.02273 22.0 0.01989 0 3.650 0.100 3.650 0.002 0 30.00
22.50 0.02222 22.5 0.02003 0 3.650 0.100 3.650 0.002 0 30.00
23.00 0.02174 23.0 0.02015 0 3.650 0.100 3.650 0.002 0 30.00
23.50 0.02128 23.5 0.02025 0 3.650 0.100 3.650 0.002 0 30.00
24.00 0.02083 24.0 0.02033 0 3.650 0.100 3.650 0.002 0 29.94
24.50 0.02041 24.5 0.02044 1 3.650 0.100 3.650 0.002 0 30.00
0.00 0.10000 0.1 0.00010 0 4.150 0.100 4.150 0.002 0 30.00
0.50 0.10000 0.6 0.01165 0 4.150 0.100 4.150 0.002 0 30.00
1.00 0.10000 1.1 0.01460 0 4.150 0.100 4.150 0.002 0 30.00
1.50 0.10000 1.5 0.01687 0 4.150 0.100 4.150 0.002 0 30.00
2.00 0.10000 2.0 0.01795 0 4.150 0.100 4.150 0.002 0 30.00
2.50 0.10000 2.5 0.01827 0 4.150 0.100 4.150 0.002 0 30.00
3.00 0.10000 3.0 0.01848 0 4.150 0.100 4.150 0.002 0 30.00
3.50 0.10000 3.5 0.01865 0 4.150 0.100 4.150 0.002 0 30.00
4.00 0.10000 4.0 0.01880 0 4.150 0.100 4.150 0.002 0 30.00
4.50 0.10000 4.5 0.01895 0 4.150 0.100 4.150 0.002 0 30.00
5.00 0.10000 5.0 0.01909 0 4.150 0.100 4.150 0.002 0 30.00
5.50 0.09091 5.5 0.01922 0 4.150 0.100 4.150 0.002 0 30.00
6.00 0.08333 6.0 0.01934 0 4.150 0.100 4.150 0.002 0 29.94
6.50 0.07692 6.5 0.01947 0 4.150 0.100 4.150 0.002 0 30.00
7.00 0.07143 7.0 0.01959 0 4.150 0.100 4.150 0.002 0 30.00
7.50 0.06667 7.5 0.01972 0 4.150 0.100 4.150 0.002 0 30.00
8.00 0.06250 8.0 0.01984 0 4.150 0.100 4.150 0.002 0 30.00
8.50 0.05882 8.5 0.01995 0 4.150 0.100 4.150 0.002 0 30.00
9.00 0.05556 9.0 0.02006 0 4.150 0.100 4.150 0.002 0 30.00
9.50 0.05263 9.5 0.02018 0 4.150 0.100 4.150 0.002 0 30.00
10.00 0.05000 10.0 0.02029 0 4.150 0.100 4.150 0.002 0 30.00
10.50 0.04762 10.5 0.02042 0 4.150 0.100 4.150 0.002 0 30.00
11.00 0.04545 11.0 0.02051 0 4.150 0.100 4.150 0.002 0 30.00
11.50 0.04348 11.5 0.02063 0 4.150 0.100 4.150 0.002 0 30.00
12.00 0.04167 12.0 0.02075 0 4.150 0.100 4.150 0.002 0 30.00
12.50 0.04000 12.5 0.02086 0 4.150 0.100 4.150 0.002 0 30.00
13.00 0.03846 13.0 0.02101 0 4.150 0.100 4.150 0.002 0 30.00
13.50 0.03704 13.5 0.02111 0 4.150 0.100 4.150 0.002 0 30.00
14.00 0.03571 14.0 0.02122 0 4.150 0.100 4.150 0.002 0 30.00
14.50 0.03448 14.5 0.02132 0 4.150 0.100 4.150 0.002 0 30.00
15.00 0.03333 15.0 0.02144 0 4.150 0.100 4.150 0.002 0 30.00
15.50 0.03226 15.5 0.02157 0 4.150 0.100 4.150 0.002 0 30.00
16.00 0.03125 16.0 0.02171 0 4.150 0.100 4.150 0.002 0 30.00
16.50 0.03030 16.5 0.02180 0 4.150 0.100 4.150 0.002 0 30.00
17.00 0.02941 9.2 0.02014 1 4.150 0.100 4.150 0.002 0 29.94
0.00 0.10000 0.1 0.00010 0 4.650 0.100 4.650 0.002 0 30.00
0.50 0.10000 0.6 0.01251 0 4.650 0.100 4.650 0.002 0 30.00
1.00 0.10000 1.1 0.01560 0 4.650 0.100 4.650 0.002 0 30.00
1.50 0.10000 1.5 0.01814 0 4.650 0.100 4.650 0.002 0 30.00
2.00 0.10000 2.0 0.01981 0 4.650 0.100 4.650 0.002 0 30.00
2.50 0.10000 2.5 0.02044 0 4.650 0.100 4.650 0.002 0 30.00
3.00 0.10000 3.0 0.02072 0 4.650 0.100 4.650 0.002 0 30.00
3.50 0.10000 3.5 0.02094 0 4.650 0.100 4.650 0.002 0 30.00
4.00 0.10000 4.0 0.02114 0 4.650 0.100 4.650 0.002 0 30.00
4.50 0.10000 4.5 0.02131 0 4.650 0.100 4.650 0.002 0 30.00
5.00 0.10000 5.0 0.02148 0 4.650 0.100 4.650 0.002 0 30.00
5.50 0.09091 5.5 0.02164 0 4.650 0.100 4.650 0.002 0 29.94
6.00 0.08333 6.0 0.02179 0 4.650 0.100 4.650 0.002 0 30.00
6.50 0.07692 6.5 0.02193 0 4.650 0.100 4.650 0.002 0 30.00
7.00 0.07143 7.0 0.02208 0 4.650 0.100 4.650 0.002 0 30.00
7.50 0.06667 7.5 0.02224 0 4.650 0.100 4.650 0.002 0 30.00
8.00 0.06250 8.0 0.02238 0 4.650 0.100 4.650 0.002 0 30.00
8.50 0.05882 8.5 0.02252 0 4.650 0.100 4.650 0.002 0 30.00
9.00 0.05556 9.0 0.02265 0 4.650 0.100 4.650 0.002 0 30.00
9.50 0.05263 9.5 0.02280 0 4.650 0.100 4.650 0.002 0 30.00
10.00 0.05000 10.0 0.02294 0 4.650 0.100 4.650 0.002 0 30.00
10.50 0.04762 10.5 0.02306 0 4.650 0.100 4.650 0.002 0 30.00
11.00 0.04545 11.0 0.02322 0 4.650 0.100 4.650 0.002 0 30.00
11.50 0.04348 11.5 0.02333 0 4.650 0.100 4.650 0.002 0 30.00
12.00 0.04167 12.0 0.02349 0 4.650 0.100 4.650 0.002 0 30.00
12.50 0.04000 12.5 0.02363 0 4.650 0.100 4.650 0.002 0 30.00
13.00 0.03846 13.0 0.02377 0 4.650 0.100 4.650 0.002 0 30.00
13.50 0.03704 13.5 0.02389 0 4.650 0.100 4.650 0.002 0 30.00
14.00 0.03571 14.0 0.02405 0 4.650 0.100 4.650 0.002 0 30.00
14.50 0.03448 14.5 0.02418 0 4.650 0.100 4.650 0.002 0 30.00
15.00 0.03333 15.0 0.02429 0 4.650 0.100 4.650 0.002 0 30.00
15.50 0.03226 15.5 0.02444 0 4.650 0.100 4.650 0.002 0 30.00
16.00 0.03125 16.0 0.02458 0 4.650 0.100 4.650 0.002 0 30.00
16.50 0.03030 16.5 0.02467 0 4.650 0.100 4.650 0.002 0 30.00
17.00 0.02941 2.1 0.02001 1 4.650 0.100 4.650 0.002 0 30.00
0.00 0.10000 0.1 0.00014 0 5.150 0.100 5.150 0.002 0 30.00
0.50 0.10000 0.6 0.01332 0 5.150 0.100 5.150 0.002 0 30.00
1.00 0.10000 1.1 0.01651 0 5.150 0.100 5.150 0.002 0 30.00
1.50 0.10000 1.5 0.01923 0 5.150 0.100 5.150 0.002 0 30.00
2.00 0.10000 2.0 0.02130 0 5.150 0.100 5.150 0.002 0 30.00
2.50 0.10000 2.5 0.02243 0 5.150 0.100 5.150 0.002 0 30.00
3.00 0.10000 3.0 0.02290 0 5.150 0.100 5.150 0.002 0 30.00
3.50 0.10000 3.5 0.02319 0 5.150 0.100 5.150 0.002 0 30.00
4.00 0.10000 4.0 0.02342 0 5.150 0.100 5.150 0.002 0 30.00
4.50 0.10000 4.5 0.02363 0 5.150 0.100 5.150 0.002 0 30.00
5.00 0.10000 5.0 0.02381 0 5.150 0.100 5.150 0.002 0 30.00
5.50 0.09091 5.5 0.02399 0 5.150 0.100 5.150 0.002 0 30.00
6.00 0.08333 6.0 0.02419 0 5.150 0.100 5.150 0.002 0 30.00
6.50 0.07692 6.5 0.02436 0 5.150 0.100 5.150 0.002 0 30.00
7.00 0.07143 7.0 0.02453 0 5.150 0.100 5.150 0.002 0 30.00
7.50 0.06667 7.5 0.02470 0 5.150 0.100 5.150 0.002 0 30.00
8.00 0.06250 8.0 0.02486 0 5.150 0.100 5.150 0.002 0 30.00
8.50 0.05882 8.5 0.02502 0 5.150 0.100 5.150 0.002 0 30.00
9.00 0.05556 9.0 0.02518 0 5.150 0.100 5.150 0.002 0 30.00
9.50 0.05263 9.5 0.02535 0 5.150 0.100 5.150 0.002 0 30.00
10.00 0.05000 10.0 0.02552 0 5.150 0.100 5.150 0.002 0 30.00
10.50 0.04762 10.5 0.02568 0 5.150 0.100 5.150 0.002 0 30.00
11.00 0.04545 11.0 0.02582 0 5.150 0.100 5.150 0.002 0 30.00
11.50 0.04348 11.5 0.02597 0 5.150 0.100 5.150 0.002 0 30.00
12.00 0.04167 12.0 0.02613 0 5.150 0.100 5.150 0.002 0 30.00
12.50 0.04000 12.5 0.02629 0 5.150 0.100 5.150 0.002 0 30.00
13.00 0.03846 13.0 0.02646 0 5.150 0.100 5.150 0.002 0 30.00
13.50 0.03704 13.5 0.02665 0 5.150 0.100 5.150 0.002 0 30.00
14.00 0.03571 14.0 0.02676 0 5.150 0.100 5.150 0.002 0 30.00
14.50 0.03448 14.5 0.02697 0 5.150 0.100 5.150 0.002 0 30.00
15.00 0.03333 15.0 0.02711 0 5.150 0.100 5.150 0.002 0 30.00
15.50 0.03226 15.5 0.02723 0 5.150 0.100 5.150 0.002 0 30.00
16.00 0.03125 16.0 0.02741 0 5.150 0.100 5.150 0.002 0 30.00
16.50 0.03030 16.5 0.02759 0 5.150 0.100 5.150 0.002 0 30.00
17.00 0.02941 1.7 0.02001 1 5.150 0.100 5.150 0.002 0 30.00
0.00 0.10000 0.1 0.00014 0 5.650 0.100 5.650 0.002 0 30.00
0.50 0.10000 0.6 0.01406 0 5.650 0.100 5.650 0.002 0 30.00
1.00 0.10000 1.1 0.01734 0 5.650 0.100 5.650 0.002 0 30.00
1.50 0.10000 1.5 0.02019 0 5.650 0.100 5.650 0.002 0 30.00
2.00 0.10000 2.0 0.02250 0 5.650 0.100 5.650 0.002 0 30.00
2.50 0.10000 2.5 0.02409 0 5.650 0.100 5.650 0.002 0 30.00
3.00 0.10000 3.0 0.02488 0 5.650 0.100 5.650 0.002 0 30.00
3.50 0.10000 3.5 0.02529 0 5.650 0.100 5.650 0.002 0 30.00
4.00 0.10000 4.0 0.02559 0 5.650 0.100 5.650 0.002 0 30.00
4.50 0.10000 4.5 0.02585 0 5.650 0.100 5.650 0.002 0 30.00
5.00 0.10000 5.0 0.02607 0 5.650 0.100 5.650 0.002 0 30.00
5.50 0.09091 5.5 0.02628 0 5.650 0.100 5.650 0.002 0 30.00
6.00 0.08333 6.0 0.02648 0 5.650 0.100 5.650 0.002 0 30.00
6.50 0.07692 6.5 0.02668 0 5.650 0.100 5.650 0.002 0 30.00
7.00 0.07143 7.0 0.02690 0 5.650 0.100 5.650 0.002 0 30.00
7.50 0.06667 7.5 0.02709 0 5.650 0.100 5.650 0.002 0 30.00
8.00 0.06250 8.0 0.02726 0 5.650 0.100 5.650 0.002 0 30.00
8.50 0.05882 8.5 0.02746 0 5.650 0.100 5.650 0.002 0 30.00
9.00 0.05556 9.0 0.02765 0 5.650 0.100 5.650 0.002 0 30.00
9.50 0.05263 9.5 0.02781 0 5.650 0.100 5.650 0.002 0 30.00
10.00 0.05000 10.0 0.02800 0 5.650 0.100 5.650 0.002 0 30.00
10.50 0.04762 10.5 0.02817 0 5.650 0.100 5.650 0.002 0 30.00
11.00 0.04545 11.0 0.02834 0 5.650 0.100 5.650 0.002 0 30.00
11.50 0.04348 11.5 0.02853 0 5.650 0.100 5.650 0.002 0 30.00
12.00 0.04167 12.0 0.02872 0 5.650 0.100 5.650 0.002 0 30.00
12.50 0.04000 12.5 0.02892 0 5.650 0.100 5.650 0.002 0 30.00
13.00 0.03846 13.0 0.02906 0 5.650 0.100 5.650 0.002 0 30.00
13.50 0.03704 13.5 0.02925 0 5.650 0.100 5.650 0.002 0 30.00
14.00 0.03571 14.0 0.02945 0 5.650 0.100 5.650 0.002 0 30.00
14.50 0.03448 14.5 0.02964 0 5.650 0.100 5.650 0.002 0 30.00
15.00 0.03333 15.0 0.02981 0 5.650 0.100 5.650 0.002 0 30.00
15.50 0.03226 15.5 0.02999 0 5.650 0.100 5.650 0.002 0 30.00
16.00 0.03125 16.0 0.03018 0 5.650 0.100 5.650 0.002 0 30.00
16.50 0.03030 16.5 0.03037 1 5.650 0.100 5.650 0.002 0 30.00
0.00 0.10000 0.1 0.00015 0 6.150 0.100 6.150 0.002 0 30.00
0.50 0.10000 0.6 0.01477 0 6.150 0.100 6.150 0.002 0 30.00
1.00 0.10000 1.1 0.01812 0 6.150 0.100 6.150 0.002 0 30.00
1.50 0.10000 1.5 0.02107 0 6.150 0.100 6.150 0.002 0 30.00
2.00 0.10000 2.0 0.02353 0 6.150 0.100 6.150 0.002 0 30.00
2.50 0.10000 2.5 0.02543 0 6.150 0.100 6.150 0.002 0 30.00
3.00 0.10000 3.0 0.02664 0 6.150 0.100 6.150 0.002 0 30.00
3.50 0.10000 3.5 0.02726 0 6.150 0.100 6.150 0.002 0 30.00
4.00 0.10000 4.0 0.02766 0 6.150 0.100 6.150 0.002 0 30.00
4.50 0.10000 4.5 0.02798 0 6.150 0.100 6.150 0.002 0 30.00
5.00 0.10000 5.0 0.02825 0 6.150 0.100 6.150 0.002 0 30.00
5.50 0.09091 5.5 0.02850 0 6.150 0.100 6.150 0.002 0 30.00
6.00 0.08333 6.0 0.02874 0 6.150 0.100 6.150 0.002 0 30.00
6.50 0.07692 6.5 0.02896 0 6.150 0.100 6.150 0.002 0 30.00
7.00 0.07143 7.0 0.02919 0 6.150 0.100 6.150 0.002 0 30.00
7.50 0.06667 7.5 0.02940 0 6.150 0.100 6.150 0.002 0 30.00
8.00 0.06250 8.0 0.02961 0 6.150 0.100 6.150 0.002 0 30.00
8.50 0.05882 8.5 0.02985 0 6.150 0.100 6.150 0.002 0 30.00
9.00 0.05556 9.0 0.03004 0 6.150 0.100 6.150 0.002 0 30.00
9.50 0.05263 9.5 0.03024 0 6.150 0.100 6.150 0.002 0 30.00
10.00 0.05000 10.0 0.03045 0 6.150 0.100 6.150 0.002 0 30.00
10.50 0.04762 10.5 0.03064 0 6.150 0.100 6.150 0.002 0 30.00
11.00 0.04545 11.0 0.03086 0 6.150 0.100 6.150 0.002 0 29.94
11.50 0.04348 11.5 0.03104 0 6.150 0.100 6.150 0.002 0 30.00
12.00 0.04167 12.0 0.03127 0 6.150 0.100 6.150 0.002 0 30.00
12.50 0.04000 12.5 0.03147 0 6.150 0.100 6.150 0.002 0 30.00
13.00 0.03846 13.0 0.03166 0 6.150 0.100 6.150 0.002 0 30.00
13.50 0.03704 13.5 0.03187 0 6.150 0.100 6.150 0.002 0 30.00
14.00 0.03571 14.0 0.03206 0 6.150 0.100 6.150 0.002 0 30.00
14.50 0.03448 14.5 0.03227 0 6.150 0.100 6.150 0.002 0 30.00
15.00 0.03333 15.0 0.03247 0 6.150 0.100 6.150 0.002 0 30.00
15.50 0.03226 15.5 0.03265 1 6.150 0.100 6.150 0.002 0 30.00
0.00 0.10000 0.1 0.00017 0 6.650 0.100 6.650 0.002 0 30.00
0.50 0.10000 0.6 0.01545 0 6.650 0.100 6.650 0.002 0 30.00
1.00 0.10000 1.1 0.01885 0 6.650 0.100 6.650 0.002 0 30.00
1.50 0.10000 1.5 0.02186 0 6.650 0.100 6.650 0.002 0 30.00
2.00 0.10000 2.0 0.02444 0 6.650 0.100 6.650 0.002 0 30.00
2.50 0.10000 2.5 0.02654 0 6.650 0.100 6.650 0.002 0 30.00
3.00 0.10000 3.0 0.02810 0 6.650 0.100 6.650 0.002 0 30.00
3.50 0.10000 3.5 0.02903 0 6.650 0.100 6.650 0.002 0 30.00
4.00 0.10000 4.0 0.02961 0 6.650 0.100 6.650 0.002 0 30.00
4.50 0.10000 4.5 0.03001 0 6.650 0.100 6.650 0.002 0 30.00
5.00 0.10000 5.0 0.03032 0 6.650 0.100 6.650 0.002 0 30.00
5.50 0.09091 5.5 0.03062 0 6.650 0.100 6.650 0.002 0 30.00
6.00 0.08333 6.0 0.03092 0 6.650 0.100 6.650 0.002 0 30.00
6.50 0.07692 6.5 0.03116 0 6.650 0.100 6.650 0.002 0 30.00
7.00 0.07143 7.0 0.03139 0 6.650 0.100 6.650 0.002 0 30.00
7.50 0.06667 7.5 0.03165 0 6.650 0.100 6.650 0.002 0 30.00
8.00 0.06250 8.0 0.03190 0 6.650 0.100 6.650 0.002 0 30.00
8.50 0.05882 8.5 0.03212 0 6.650 0.100 6.650 0.002 0 30.00
9.00 0.05556 9.0 0.03236 0 6.650 0.100 6.650 0.002 0 30.00
9.50 0.05263 9.5 0.03259 0 6.650 0.100 6.650 0.002 0 30.00
10.00 0.05000 10.0 0.03283 0 6.650 0.100 6.650 0.002 0 30.00
10.50 0.04762 10.5 0.03305 0 6.650 0.100 6.650 0.002 0 30.00
11.00 0.04545 11.0 0.03326 0 6.650 0.100 6.650 0.002 0 30.00
11.50 0.04348 11.5 0.03347 0 6.650 0.100 6.650 0.002 0 30.00
12.00 0.04167 12.0 0.03372 0 6.650 0.100 6.650 0.002 0 30.00
12.50 0.04000 12.5 0.03392 0 6.650 0.100 6.650 0.002 0 30.00
13.00 0.03846 13.0 0.03416 0 6.650 0.100 6.650 0.002 0 30.00
13.50 0.03704 13.5 0.03439 0 6.650 0.100 6.650 0.002 0 30.00
14.00 0.03571 14.0 0.03461 0 6.650 0.100 6.650 0.002 0 30.00
14.50 0.03448 14.5 0.03478 1 6.650 0.100 6.650 0.002 0 30.00
