% * Sample: 2SK82_12
% * Date / time: 2023-02-04 22:15:39.528872
% * R2CONTROL =  NOT SPECIFIED
% Column 1:  PSU1 nominal voltage setting (V)
% Column 2:  PSU1 nominal current setting (A)
% Column 3:  PSU1 voltage measurement (V)
% Column 4:  PSU1 current measurement (I)
% Column 5:  PSU1 limiter flag
% Column 6:  PSU2 nominal voltage setting (V)
% Column 7:  PSU2 nominal current setting (A)
% Column 8:  PSU2 voltage measurement (V)
% Column 9:  PSU2 current measurement (I)
% Column 10: PSU2 limiter flag
% Column 11: Heaterblock temperature (°C)
% * OPERATING POINT AT END OF PREHEAT / IDLE: U0 = 19.999 V  I0 = 1.6003 A  Uc = -6.519 V  Ic = -0.0001 A  T = 50.19 °C
0.000 6.0000 0.000 0.0000 0 -0.000 -1.0000 -0.000 -0.0001 0 50.19
2.000 6.0000 2.001 1.4015 0 -0.000 -1.0000 -0.000 -0.0001 0 50.06
4.000 6.0000 4.001 2.4389 0 -0.000 -1.0000 -0.000 -0.0001 0 49.81
6.000 6.0000 6.001 3.1878 0 -0.000 -1.0000 -0.000 -0.0001 0 49.69
8.000 6.0000 7.999 3.7345 0 -0.000 -1.0000 -0.000 -0.0001 0 49.75
10.000 6.0000 10.000 4.1343 0 -0.000 -1.0000 -0.000 -0.0001 0 50.00
12.000 6.0000 12.000 4.4284 0 -0.000 -1.0000 -0.000 -0.0001 0 50.25
14.000 6.0000 13.999 4.6639 0 -0.000 -1.0000 -0.000 -0.0001 0 50.44
16.000 5.9375 15.999 4.8434 0 -0.000 -1.0000 -0.000 -0.0001 0 50.69
18.000 5.2778 16.608 5.2777 1 -0.000 -1.0000 -0.000 -0.0001 0 49.50
0.000 6.0000 0.000 0.0000 0 -2.000 -1.0000 -1.999 -0.0001 0 50.44
2.000 6.0000 2.001 0.7483 0 -2.000 -1.0000 -1.999 -0.0001 0 50.31
4.000 6.0000 4.001 1.4179 0 -2.000 -1.0000 -1.999 -0.0001 0 50.00
6.000 6.0000 6.001 1.9831 0 -2.000 -1.0000 -1.999 -0.0001 0 49.75
8.000 6.0000 7.999 2.4545 0 -2.000 -1.0000 -2.000 -0.0001 0 49.62
10.000 6.0000 10.000 2.8424 0 -2.000 -1.0000 -1.999 -0.0001 0 49.62
12.000 6.0000 12.000 3.1628 0 -2.000 -1.0000 -1.999 -0.0001 0 49.75
14.000 6.0000 13.999 3.4292 0 -2.000 -1.0000 -1.999 -0.0001 0 50.00
16.000 5.9375 15.999 3.6486 0 -2.000 -1.0000 -1.999 -0.0001 0 50.25
18.000 5.2778 17.999 3.8334 0 -2.000 -1.0000 -1.999 -0.0001 0 50.44
20.000 4.7500 20.000 3.9895 0 -2.000 -1.0000 -1.999 -0.0001 0 50.69
22.000 4.3182 20.477 4.3178 1 -2.000 -1.0000 -1.999 -0.0001 0 49.44
0.000 6.0000 0.000 0.0000 0 -4.000 -1.0000 -4.000 -0.0001 0 49.81
2.000 6.0000 2.001 0.2312 0 -4.000 -1.0000 -4.000 -0.0001 0 49.75
4.000 6.0000 4.001 0.6107 0 -4.000 -1.0000 -4.000 -0.0001 0 49.56
6.000 6.0000 6.001 1.0024 0 -4.000 -1.0000 -4.000 -0.0001 0 49.44
8.000 6.0000 8.000 1.3721 0 -4.000 -1.0000 -4.000 -0.0001 0 49.75
10.000 6.0000 10.000 1.7132 0 -4.000 -1.0000 -4.000 -0.0001 0 49.81
12.000 6.0000 12.000 2.0187 0 -4.000 -1.0000 -4.000 -0.0001 0 49.88
14.000 6.0000 13.999 2.2917 0 -4.000 -1.0000 -4.000 -0.0001 0 50.00
16.000 5.9375 15.999 2.5351 0 -4.000 -1.0000 -4.000 -0.0001 0 50.12
18.000 5.2778 17.999 2.7482 0 -4.000 -1.0000 -4.000 -0.0001 0 50.31
20.000 4.7500 20.000 2.9374 0 -4.000 -1.0000 -4.000 -0.0001 0 50.44
22.000 4.3182 21.999 3.1029 0 -4.000 -1.0000 -4.000 -0.0001 0 50.56
24.000 3.9583 24.000 3.4302 0 -4.000 -1.0000 -4.000 -0.0001 0 49.62
26.000 3.6538 26.000 3.4161 0 -4.000 -1.0000 -4.000 -0.0001 0 49.88
28.000 3.3929 26.384 3.3929 1 -4.000 -1.0000 -4.000 -0.0001 0 50.44
0.000 6.0000 0.000 0.0000 0 -6.000 -0.8333 -6.000 -0.0001 0 49.50
2.000 6.0000 2.001 0.0000 0 -6.000 -0.8333 -6.000 -0.0001 0 49.31
4.000 6.0000 4.001 0.0505 0 -6.000 -0.8333 -6.000 -0.0001 0 49.69
6.000 6.0000 6.001 0.2322 0 -6.000 -0.8333 -6.000 -0.0001 0 49.69
8.000 6.0000 8.000 0.4713 0 -6.000 -0.8333 -6.000 -0.0001 0 49.75
10.000 6.0000 10.000 0.7279 0 -6.000 -0.8333 -6.000 -0.0001 0 49.81
12.000 6.0000 12.000 0.9855 0 -6.000 -0.8333 -6.000 -0.0001 0 49.81
14.000 6.0000 13.999 1.2349 0 -6.000 -0.8333 -6.000 -0.0001 0 49.88
16.000 5.9375 15.999 1.4722 0 -6.000 -0.8333 -6.000 -0.0001 0 50.00
18.000 5.2778 17.999 1.6929 0 -6.000 -0.8333 -6.000 -0.0001 0 50.12
20.000 4.7500 19.999 1.8977 0 -6.000 -0.8333 -6.000 -0.0001 0 50.25
22.000 4.3182 21.999 2.0851 0 -6.000 -0.8333 -6.000 -0.0001 0 50.31
24.000 3.9583 24.000 2.2554 0 -6.000 -0.8333 -6.000 -0.0001 0 50.44
26.000 3.6538 26.000 2.4115 0 -6.000 -0.8333 -6.000 -0.0001 0 50.50
28.000 3.3929 27.999 2.5519 0 -6.000 -0.8333 -6.000 -0.0001 0 50.62
30.000 3.1667 30.000 2.8331 0 -6.000 -0.8333 -6.000 -0.0001 0 49.50
32.000 2.9688 32.000 2.8321 0 -6.000 -0.8333 -6.000 -0.0001 0 49.88
34.000 2.7941 32.097 2.7940 1 -6.000 -0.8333 -6.000 -0.0001 0 50.56
0.000 6.0000 0.000 0.0000 0 -8.000 -0.6250 -7.999 -0.0001 0 49.94
2.000 6.0000 2.001 0.0000 0 -8.000 -0.6250 -7.999 -0.0001 0 49.88
4.000 6.0000 4.001 0.0000 0 -8.000 -0.6250 -7.999 -0.0001 0 49.62
6.000 6.0000 6.001 0.0000 0 -8.000 -0.6250 -7.999 -0.0001 0 49.44
8.000 6.0000 8.000 0.0034 0 -8.000 -0.6250 -7.999 -0.0001 0 49.69
10.000 6.0000 10.000 0.0517 0 -8.000 -0.6250 -7.999 -0.0001 0 49.75
12.000 6.0000 12.000 0.1734 0 -8.000 -0.6250 -7.999 -0.0001 0 49.75
14.000 6.0000 13.999 0.3376 0 -8.000 -0.6250 -7.999 -0.0001 0 49.75
16.000 5.9375 15.999 0.5218 0 -8.000 -0.6250 -7.999 -0.0001 0 49.81
18.000 5.2778 17.999 0.7134 0 -8.000 -0.6250 -7.999 -0.0001 0 49.88
20.000 4.7500 19.999 0.9048 0 -8.000 -0.6250 -7.999 -0.0001 0 49.94
22.000 4.3182 21.999 1.0909 0 -8.000 -0.6250 -7.999 -0.0001 0 50.06
24.000 3.9583 24.000 1.2701 0 -8.000 -0.6250 -7.999 -0.0001 0 50.19
26.000 3.6538 26.000 1.4392 0 -8.000 -0.6250 -7.999 -0.0001 0 50.25
28.000 3.3929 27.999 1.5992 0 -8.000 -0.6250 -7.999 -0.0001 0 50.31
30.000 3.1667 30.000 1.7496 0 -8.000 -0.6250 -7.999 -0.0001 0 50.44
32.000 2.9688 32.000 1.8894 0 -8.000 -0.6250 -7.999 -0.0001 0 50.56
34.000 2.7941 34.000 2.1168 0 -8.000 -0.6250 -7.999 -0.0001 0 49.56
36.000 2.6389 36.000 2.1647 0 -8.000 -0.6250 -7.999 -0.0001 0 49.88
38.000 2.5000 38.000 2.2650 0 -8.000 -0.6250 -7.999 -0.0001 0 50.38
40.000 2.3750 40.000 2.3641 0 -8.000 -0.6250 -7.999 -0.0001 0 50.88
42.000 2.2619 35.895 2.2621 1 -8.000 -0.6250 -7.999 -0.0001 0 49.44
0.000 6.0000 0.000 0.0000 0 -10.000 -0.5000 -9.999 -0.0001 0 50.44
2.000 6.0000 2.001 0.0000 0 -10.000 -0.5000 -9.999 -0.0001 0 50.25
4.000 6.0000 4.001 0.0000 0 -10.000 -0.5000 -9.999 -0.0001 0 49.81
6.000 6.0000 6.001 0.0000 0 -10.000 -0.5000 -9.999 -0.0001 0 49.50
8.000 6.0000 7.999 0.0000 0 -10.000 -0.5000 -9.999 -0.0001 0 49.25
10.000 6.0000 10.000 0.0000 0 -10.000 -0.5000 -9.999 -0.0001 0 49.69
12.000 6.0000 12.000 0.0000 0 -10.000 -0.5000 -9.999 -0.0001 0 49.75
14.000 6.0000 13.999 0.0000 0 -10.000 -0.5000 -9.999 -0.0001 0 49.75
16.000 5.9375 15.999 0.0044 0 -10.000 -0.5000 -9.999 -0.0001 0 49.75
18.000 5.2778 17.999 0.0358 0 -10.000 -0.5000 -9.999 -0.0001 0 49.75
20.000 4.7500 20.000 0.1162 0 -10.000 -0.5000 -9.999 -0.0001 0 49.75
22.000 4.3182 21.999 0.2331 0 -10.000 -0.5000 -9.999 -0.0001 0 49.81
24.000 3.9583 24.000 0.3701 0 -10.000 -0.5000 -9.999 -0.0001 0 49.88
26.000 3.6538 26.000 0.5169 0 -10.000 -0.5000 -9.999 -0.0001 0 49.94
28.000 3.3929 27.999 0.6674 0 -10.000 -0.5000 -9.999 -0.0001 0 50.00
30.000 3.1667 30.000 0.8175 0 -10.000 -0.5000 -9.999 -0.0000 0 50.06
32.000 2.9688 32.000 0.9651 0 -10.000 -0.5000 -9.999 -0.0001 0 50.19
34.000 2.7941 34.000 1.1089 0 -10.000 -0.5000 -9.999 -0.0001 0 50.31
36.000 2.6389 36.000 1.2474 0 -10.000 -0.5000 -9.999 -0.0001 0 50.38
38.000 2.5000 38.000 1.3810 0 -10.000 -0.5000 -10.000 -0.0001 0 50.50
40.000 2.3750 40.000 1.5091 0 -10.000 -0.5000 -9.999 -0.0001 0 50.56
42.000 2.2619 42.000 1.7040 0 -10.000 -0.5000 -10.000 -0.0001 0 49.56
44.000 2.1591 44.001 1.7622 0 -10.000 -0.5000 -10.000 -0.0001 0 49.88
46.000 2.0652 46.001 1.8606 0 -10.000 -0.5000 -9.999 -0.0001 0 50.38
48.000 1.9792 47.999 1.9608 0 -10.000 -0.5000 -9.999 -0.0001 0 50.88
50.000 1.9000 44.906 1.9000 1 -10.000 -0.5000 -9.999 -0.0001 0 49.44
0.000 6.0000 0.000 0.0000 0 -12.000 -0.4167 -12.000 -0.0001 0 49.81
2.000 6.0000 2.001 0.0000 0 -12.000 -0.4167 -12.000 -0.0001 0 49.81
4.000 6.0000 4.001 0.0000 0 -12.000 -0.4167 -12.000 -0.0000 0 49.62
6.000 6.0000 6.001 0.0000 0 -12.000 -0.4167 -12.000 -0.0001 0 49.38
8.000 6.0000 7.999 0.0000 0 -12.000 -0.4167 -12.000 -0.0001 0 49.69
10.000 6.0000 10.000 0.0000 0 -12.000 -0.4167 -12.000 -0.0000 0 49.69
12.000 6.0000 12.000 0.0000 0 -12.000 -0.4167 -12.000 -0.0001 0 49.75
14.000 6.0000 13.999 0.0000 0 -12.000 -0.4167 -12.000 -0.0001 0 49.75
16.000 5.9375 15.999 0.0000 0 -12.000 -0.4167 -12.000 -0.0000 0 49.75
18.000 5.2778 17.999 0.0000 0 -12.000 -0.4167 -12.000 -0.0001 0 49.75
20.000 4.7500 20.000 0.0000 0 -12.000 -0.4167 -12.000 -0.0001 0 49.81
22.000 4.3182 21.999 0.0000 0 -12.000 -0.4167 -12.000 -0.0001 0 49.81
24.000 3.9583 24.000 0.0003 0 -12.000 -0.4167 -12.000 -0.0001 0 49.81
26.000 3.6538 26.000 0.0040 0 -12.000 -0.4167 -12.000 -0.0001 0 49.81
28.000 3.3929 27.999 0.0233 0 -12.000 -0.4167 -12.000 -0.0001 0 49.81
30.000 3.1667 30.000 0.0745 0 -12.000 -0.4167 -12.000 -0.0001 0 49.88
32.000 2.9688 32.000 0.1579 0 -12.000 -0.4167 -12.000 -0.0001 0 49.88
34.000 2.7941 34.000 0.2631 0 -12.000 -0.4167 -12.000 -0.0001 0 49.94
36.000 2.6389 36.000 0.3807 0 -12.000 -0.4167 -12.000 -0.0001 0 50.00
38.000 2.5000 38.000 0.5057 0 -12.000 -0.4167 -12.000 -0.0001 0 50.06
40.000 2.3750 40.001 0.6336 0 -12.000 -0.4167 -12.000 -0.0001 0 50.19
42.000 2.2619 42.000 0.7623 0 -12.000 -0.4167 -12.000 -0.0001 0 50.25
44.000 2.1591 44.001 0.8894 0 -12.000 -0.4167 -12.000 -0.0001 0 50.38
46.000 2.0652 46.000 1.0135 0 -12.000 -0.4167 -12.000 -0.0001 0 50.44
48.000 1.9792 48.000 1.1343 0 -12.000 -0.4167 -12.000 -0.0000 0 50.56
50.000 1.9000 50.000 1.3005 0 -12.000 -0.4167 -12.000 -0.0001 0 49.62
52.000 1.8269 52.000 1.3730 0 -12.000 -0.4167 -12.000 -0.0001 0 49.94
54.000 1.7593 53.999 1.4720 0 -12.000 -0.4167 -12.000 -0.0001 0 50.38
56.000 1.6964 55.998 1.5702 0 -12.000 -0.4167 -12.000 -0.0001 0 50.94
58.000 1.6379 55.553 1.6380 1 -12.000 -0.4167 -12.000 -0.0001 0 49.62
0.000 6.0000 0.000 0.0000 0 -14.000 -0.3571 -13.999 -0.0001 0 50.56
2.000 6.0000 2.001 0.0000 0 -14.000 -0.3571 -13.999 -0.0000 0 49.50
4.000 6.0000 4.001 0.0000 0 -14.000 -0.3571 -13.999 -0.0001 0 49.31
6.000 6.0000 6.001 0.0000 0 -14.000 -0.3571 -13.999 -0.0001 0 49.69
8.000 6.0000 8.000 0.0000 0 -14.000 -0.3571 -13.999 -0.0001 0 49.75
10.000 6.0000 10.000 0.0000 0 -14.000 -0.3571 -13.999 -0.0001 0 49.75
12.000 6.0000 11.999 0.0000 0 -14.000 -0.3571 -13.999 -0.0001 0 49.75
14.000 6.0000 13.999 0.0000 0 -14.000 -0.3571 -14.000 -0.0001 0 49.81
16.000 5.9375 15.999 0.0000 0 -14.000 -0.3571 -13.999 -0.0001 0 49.75
18.000 5.2778 17.999 0.0000 0 -14.000 -0.3571 -13.999 -0.0000 0 49.81
20.000 4.7500 19.999 0.0000 0 -14.000 -0.3571 -13.999 -0.0001 0 49.81
22.000 4.3182 21.999 0.0000 0 -14.000 -0.3571 -13.999 -0.0001 0 49.81
24.000 3.9583 24.000 0.0000 0 -14.000 -0.3571 -13.999 -0.0001 0 49.81
26.000 3.6538 26.000 0.0000 0 -14.000 -0.3571 -13.999 -0.0000 0 49.88
28.000 3.3929 27.999 0.0000 0 -14.000 -0.3571 -13.999 -0.0001 0 49.88
30.000 3.1667 29.999 0.0000 0 -14.000 -0.3571 -13.999 -0.0001 0 49.88
32.000 2.9688 32.000 0.0000 0 -14.000 -0.3571 -13.999 -0.0001 0 49.88
34.000 2.7941 34.000 0.0000 0 -14.000 -0.3571 -13.999 -0.0001 0 49.94
36.000 2.6389 36.000 0.0006 0 -14.000 -0.3571 -13.999 -0.0001 0 49.88
38.000 2.5000 38.000 0.0043 0 -14.000 -0.3571 -13.999 -0.0001 0 49.94
40.000 2.3750 40.000 0.0189 0 -14.000 -0.3571 -13.999 -0.0001 0 49.94
42.000 2.2619 42.000 0.0573 0 -14.000 -0.3571 -13.999 -0.0001 0 49.94
44.000 2.1591 44.001 0.1242 0 -14.000 -0.3571 -13.999 -0.0001 0 49.94
46.000 2.0652 46.001 0.2131 0 -14.000 -0.3571 -13.999 -0.0001 0 50.00
48.000 1.9792 48.000 0.3154 0 -14.000 -0.3571 -13.999 -0.0001 0 50.06
50.000 1.9000 50.000 0.4257 0 -14.000 -0.3571 -13.999 -0.0001 0 50.12
52.000 1.8269 51.999 0.5394 0 -14.000 -0.3571 -13.999 -0.0001 0 50.25
54.000 1.7593 53.999 0.6539 0 -14.000 -0.3571 -13.999 -0.0001 0 50.38
56.000 1.6964 55.998 0.7676 0 -14.000 -0.3571 -13.999 -0.0001 0 50.44
58.000 1.6379 57.998 0.8790 0 -14.000 -0.3571 -13.999 -0.0001 0 50.56
60.000 1.5833 59.998 1.0236 0 -14.000 -0.3571 -14.000 -0.0001 0 49.69
0.000 6.0000 0.000 0.0000 0 -16.000 -0.3125 -15.999 -0.0001 0 49.94
2.000 6.0000 2.001 0.0000 0 -16.000 -0.3125 -15.999 -0.0001 0 49.94
4.000 6.0000 4.001 0.0000 0 -16.000 -0.3125 -15.999 -0.0001 0 49.81
6.000 6.0000 6.001 0.0000 0 -16.000 -0.3125 -15.999 -0.0000 0 49.75
8.000 6.0000 8.000 0.0000 0 -16.000 -0.3125 -15.999 -0.0001 0 49.69
10.000 6.0000 10.000 0.0000 0 -16.000 -0.3125 -15.999 -0.0001 0 49.69
12.000 6.0000 12.000 0.0000 0 -16.000 -0.3125 -15.999 -0.0001 0 49.75
14.000 6.0000 13.999 0.0000 0 -16.000 -0.3125 -15.999 -0.0001 0 49.81
16.000 5.9375 15.999 0.0000 0 -16.000 -0.3125 -15.999 -0.0001 0 49.88
18.000 5.2778 17.999 0.0000 0 -16.000 -0.3125 -15.999 -0.0001 0 49.88
20.000 4.7500 20.000 0.0000 0 -16.000 -0.3125 -15.999 -0.0001 0 49.94
22.000 4.3182 21.999 0.0000 0 -16.000 -0.3125 -15.999 -0.0001 0 49.94
24.000 3.9583 24.000 0.0000 0 -16.000 -0.3125 -15.999 -0.0000 0 49.94
26.000 3.6538 25.999 0.0000 0 -16.000 -0.3125 -15.999 -0.0000 0 49.94
28.000 3.3929 27.999 0.0000 0 -16.000 -0.3125 -15.999 -0.0001 0 49.94
30.000 3.1667 29.999 0.0000 0 -16.000 -0.3125 -15.999 -0.0001 0 49.88
32.000 2.9688 32.000 0.0000 0 -16.000 -0.3125 -15.999 -0.0001 0 49.94
34.000 2.7941 34.000 0.0000 0 -16.000 -0.3125 -15.999 -0.0001 0 49.94
36.000 2.6389 36.000 0.0000 0 -16.000 -0.3125 -15.999 -0.0001 0 49.94
38.000 2.5000 38.000 0.0000 0 -16.000 -0.3125 -15.999 -0.0001 0 49.94
40.000 2.3750 40.001 0.0000 0 -16.000 -0.3125 -16.000 -0.0001 0 49.94
42.000 2.2619 42.000 0.0000 0 -16.000 -0.3125 -15.999 -0.0001 0 49.94
44.000 2.1591 44.001 0.0000 0 -16.000 -0.3125 -15.999 -0.0001 0 49.94
46.000 2.0652 46.000 0.0000 0 -16.000 -0.3125 -15.999 -0.0000 0 49.94
48.000 1.9792 48.000 0.0002 0 -16.000 -0.3125 -15.999 -0.0001 0 50.00
50.000 1.9000 50.000 0.0019 0 -16.000 -0.3125 -15.999 -0.0001 0 50.00
52.000 1.8269 51.999 0.0084 0 -16.000 -0.3125 -15.999 -0.0001 0 50.00
54.000 1.7593 53.998 0.0276 0 -16.000 -0.3125 -15.999 -0.0001 0 50.00
56.000 1.6964 55.998 0.0691 0 -16.000 -0.3125 -15.999 -0.0000 0 50.00
58.000 1.6379 57.998 0.1349 0 -16.000 -0.3125 -15.999 -0.0001 0 50.00
60.000 1.5833 59.998 0.2185 0 -16.000 -0.3125 -15.999 -0.0001 0 50.06
