% * Sample: 2SK82_10
% * Date / time: 2023-02-04 20:40:42.742063
% * R2CONTROL =  NOT SPECIFIED
% Column 1:  PSU1 nominal voltage setting (V)
% Column 2:  PSU1 nominal current setting (A)
% Column 3:  PSU1 voltage measurement (V)
% Column 4:  PSU1 current measurement (I)
% Column 5:  PSU1 limiter flag
% Column 6:  PSU2 nominal voltage setting (V)
% Column 7:  PSU2 nominal current setting (A)
% Column 8:  PSU2 voltage measurement (V)
% Column 9:  PSU2 current measurement (I)
% Column 10: PSU2 limiter flag
% Column 11: Heaterblock temperature (°C)
% * OPERATING POINT AT END OF PREHEAT / IDLE: U0 = 20.000 V  I0 = 1.5992 A  Uc = -5.970 V  Ic = -0.0001 A  T = 50.31 °C
0.000 6.0000 0.000 0.0001 0 -0.000 -1.0000 -0.000 -0.0001 0 50.31
2.000 6.0000 2.001 0.9231 0 -0.000 -1.0000 -0.000 -0.0001 0 50.06
4.000 6.0000 4.001 1.5896 0 -0.000 -1.0000 -0.000 -0.0001 0 49.75
6.000 6.0000 6.000 2.0787 0 -0.000 -1.0000 -0.000 -0.0001 0 49.62
8.000 6.0000 8.000 2.4480 0 -0.000 -1.0000 -0.000 -0.0001 0 49.69
10.000 6.0000 10.000 2.7351 0 -0.000 -1.0000 -0.000 -0.0001 0 49.88
12.000 6.0000 12.000 2.9583 0 -0.000 -1.0000 -0.000 -0.0001 0 50.06
14.000 6.0000 13.999 3.1346 0 -0.000 -1.0000 -0.000 -0.0001 0 50.31
16.000 5.9375 15.999 3.2728 0 -0.000 -1.0000 -0.000 -0.0001 0 50.50
18.000 5.2778 17.999 3.3853 0 -0.000 -1.0000 -0.000 -0.0001 0 50.69
20.000 4.7500 19.999 3.5901 0 -0.000 -1.0000 -0.000 -0.0001 0 49.50
22.000 4.3182 21.999 3.5728 0 -0.000 -1.0000 -0.000 -0.0001 0 49.94
24.000 3.9583 24.000 3.6126 0 -0.000 -1.0000 -0.000 -0.0001 0 50.69
26.000 3.6538 20.973 3.6540 1 -0.000 -1.0000 -0.000 -0.0001 0 49.62
0.000 6.0000 0.000 0.0000 0 -2.000 -1.0000 -1.999 -0.0001 0 50.50
2.000 6.0000 2.001 0.5538 0 -2.000 -1.0000 -1.999 -0.0001 0 50.25
4.000 6.0000 4.001 1.0125 0 -2.000 -1.0000 -1.999 -0.0001 0 49.88
6.000 6.0000 6.000 1.3920 0 -2.000 -1.0000 -1.999 -0.0001 0 49.62
8.000 6.0000 8.000 1.7091 0 -2.000 -1.0000 -1.999 -0.0001 0 49.50
10.000 6.0000 10.000 1.9741 0 -2.000 -1.0000 -1.999 -0.0001 0 49.50
12.000 6.0000 12.000 2.1952 0 -2.000 -1.0000 -1.999 -0.0001 0 49.62
14.000 6.0000 13.999 2.3816 0 -2.000 -1.0000 -2.000 -0.0001 0 49.81
16.000 5.9375 15.999 2.5385 0 -2.000 -1.0000 -1.999 -0.0001 0 50.06
18.000 5.2778 17.998 2.6701 0 -2.000 -1.0000 -1.999 -0.0001 0 50.25
20.000 4.7500 19.999 2.7828 0 -2.000 -1.0000 -1.999 -0.0001 0 50.44
22.000 4.3182 21.999 2.8769 0 -2.000 -1.0000 -1.999 -0.0001 0 50.56
24.000 3.9583 24.000 3.0540 0 -2.000 -1.0000 -1.999 -0.0001 0 49.50
26.000 3.6538 25.999 3.0455 0 -2.000 -1.0000 -1.999 -0.0001 0 49.88
28.000 3.3929 27.999 3.0878 0 -2.000 -1.0000 -1.999 -0.0001 0 50.44
30.000 3.1667 30.000 3.1303 0 -2.000 -1.0000 -1.999 -0.0001 0 50.88
32.000 2.9688 21.830 2.9691 1 -2.000 -1.0000 -1.999 -0.0001 0 49.44
0.000 6.0000 0.000 0.0000 0 -4.000 -1.0000 -4.000 -0.0001 0 49.31
2.000 6.0000 2.001 0.2794 0 -4.000 -1.0000 -4.000 -0.0001 0 49.69
4.000 6.0000 4.001 0.5751 0 -4.000 -1.0000 -4.000 -0.0001 0 49.75
6.000 6.0000 6.001 0.8562 0 -4.000 -1.0000 -4.000 -0.0001 0 49.75
8.000 6.0000 8.000 1.1142 0 -4.000 -1.0000 -4.000 -0.0001 0 49.81
10.000 6.0000 10.000 1.3470 0 -4.000 -1.0000 -4.000 -0.0001 0 49.88
12.000 6.0000 12.000 1.5549 0 -4.000 -1.0000 -4.000 -0.0001 0 49.94
14.000 6.0000 13.999 1.7391 0 -4.000 -1.0000 -4.000 -0.0001 0 50.06
16.000 5.9375 15.999 1.9012 0 -4.000 -1.0000 -4.000 -0.0001 0 50.12
18.000 5.2778 17.999 2.0446 0 -4.000 -1.0000 -4.000 -0.0001 0 50.25
20.000 4.7500 19.999 2.1704 0 -4.000 -1.0000 -4.000 -0.0001 0 50.38
22.000 4.3182 21.999 2.2804 0 -4.000 -1.0000 -4.000 -0.0001 0 50.44
24.000 3.9583 24.000 2.3780 0 -4.000 -1.0000 -4.000 -0.0001 0 50.56
26.000 3.6538 26.000 2.5373 0 -4.000 -1.0000 -4.000 -0.0001 0 49.50
28.000 3.3929 27.999 2.5534 0 -4.000 -1.0000 -4.000 -0.0001 0 49.88
30.000 3.1667 29.999 2.6082 0 -4.000 -1.0000 -4.000 -0.0001 0 50.50
32.000 2.9688 32.000 2.6612 0 -4.000 -1.0000 -4.000 -0.0001 0 50.94
34.000 2.7941 32.485 2.7940 1 -4.000 -1.0000 -4.000 -0.0001 0 49.50
0.000 6.0000 0.000 0.0000 0 -6.000 -0.8333 -6.000 -0.0001 0 50.56
2.000 6.0000 2.001 0.0573 0 -6.000 -0.8333 -6.000 -0.0001 0 49.50
4.000 6.0000 4.001 0.2194 0 -6.000 -0.8333 -6.000 -0.0001 0 49.31
6.000 6.0000 6.001 0.4115 0 -6.000 -0.8333 -6.000 -0.0001 0 49.75
8.000 6.0000 8.000 0.6103 0 -6.000 -0.8333 -6.000 -0.0001 0 49.75
10.000 6.0000 10.000 0.8047 0 -6.000 -0.8333 -6.000 -0.0001 0 49.81
12.000 6.0000 12.000 0.9889 0 -6.000 -0.8333 -6.000 -0.0001 0 49.88
14.000 6.0000 13.999 1.1610 0 -6.000 -0.8333 -6.000 -0.0001 0 49.94
16.000 5.9375 15.999 1.3200 0 -6.000 -0.8333 -6.000 -0.0001 0 50.00
18.000 5.2778 17.999 1.4651 0 -6.000 -0.8333 -6.000 -0.0001 0 50.12
20.000 4.7500 20.000 1.5978 0 -6.000 -0.8333 -6.000 -0.0001 0 50.19
22.000 4.3182 21.999 1.7174 0 -6.000 -0.8333 -6.000 -0.0001 0 50.25
24.000 3.9583 24.000 1.8263 0 -6.000 -0.8333 -6.000 -0.0001 0 50.31
26.000 3.6538 26.000 1.9241 0 -6.000 -0.8333 -6.000 -0.0001 0 50.44
28.000 3.3929 27.999 2.0129 0 -6.000 -0.8333 -6.000 -0.0001 0 50.50
30.000 3.1667 30.000 2.0934 0 -6.000 -0.8333 -6.000 -0.0001 0 50.56
32.000 2.9688 32.000 2.2350 0 -6.000 -0.8333 -6.000 -0.0001 0 49.44
34.000 2.7941 34.000 2.2297 0 -6.000 -0.8333 -6.000 -0.0001 0 50.81
36.000 2.6389 36.001 2.3764 0 -6.000 -0.8333 -6.000 -0.0001 0 49.44
38.000 2.5000 38.000 2.4180 0 -6.000 -0.8333 -6.000 -0.0001 0 49.44
40.000 2.3750 35.607 2.3750 1 -6.000 -0.8333 -6.000 -0.0001 0 49.31
0.000 6.0000 0.000 0.0000 0 -8.000 -0.6250 -7.999 -0.0001 0 49.38
2.000 6.0000 2.001 0.0000 0 -8.000 -0.6250 -7.999 -0.0001 0 49.69
4.000 6.0000 4.001 0.0111 0 -8.000 -0.6250 -7.999 -0.0001 0 49.69
6.000 6.0000 6.001 0.0844 0 -8.000 -0.6250 -7.999 -0.0001 0 49.75
8.000 6.0000 8.000 0.2050 0 -8.000 -0.6250 -7.999 -0.0001 0 49.75
10.000 6.0000 10.000 0.3457 0 -8.000 -0.6250 -7.999 -0.0001 0 49.75
12.000 6.0000 12.000 0.4935 0 -8.000 -0.6250 -7.999 -0.0001 0 49.81
14.000 6.0000 13.999 0.6418 0 -8.000 -0.6250 -7.999 -0.0001 0 49.81
16.000 5.9375 15.999 0.7862 0 -8.000 -0.6250 -7.998 -0.0001 0 49.94
18.000 5.2778 17.999 0.9247 0 -8.000 -0.6250 -7.999 -0.0001 0 50.00
20.000 4.7500 20.000 1.0555 0 -8.000 -0.6250 -7.999 -0.0001 0 50.06
22.000 4.3182 21.999 1.1782 0 -8.000 -0.6250 -7.999 -0.0001 0 50.19
24.000 3.9583 24.000 1.2928 0 -8.000 -0.6250 -7.999 -0.0001 0 50.19
26.000 3.6538 26.000 1.3991 0 -8.000 -0.6250 -7.999 -0.0001 0 50.31
28.000 3.3929 27.999 1.4972 0 -8.000 -0.6250 -7.999 -0.0001 0 50.38
30.000 3.1667 30.000 1.5884 0 -8.000 -0.6250 -7.999 -0.0001 0 50.44
32.000 2.9688 32.000 1.6731 0 -8.000 -0.6250 -7.999 -0.0001 0 50.50
34.000 2.7941 34.000 1.7510 0 -8.000 -0.6250 -7.999 -0.0001 0 50.56
36.000 2.6389 36.000 1.8793 0 -8.000 -0.6250 -7.999 -0.0001 0 49.44
38.000 2.5000 38.000 1.8891 0 -8.000 -0.6250 -7.999 -0.0001 0 50.81
40.000 2.3750 40.001 2.0224 0 -8.000 -0.6250 -7.999 -0.0001 0 49.44
42.000 2.2619 42.000 2.0873 0 -8.000 -0.6250 -7.999 -0.0001 0 49.44
44.000 2.1591 44.001 2.1319 0 -8.000 -0.6250 -7.999 -0.0001 0 49.44
46.000 2.0652 41.017 2.0650 1 -8.000 -0.6250 -7.999 -0.0001 0 49.38
0.000 6.0000 0.000 0.0000 0 -10.000 -0.5000 -9.999 -0.0001 0 49.38
2.000 6.0000 2.001 0.0000 0 -10.000 -0.5000 -9.999 -0.0001 0 49.69
4.000 6.0000 4.001 0.0000 0 -10.000 -0.5000 -9.999 -0.0001 0 49.69
6.000 6.0000 6.001 0.0000 0 -10.000 -0.5000 -9.999 -0.0001 0 49.75
8.000 6.0000 8.000 0.0049 0 -10.000 -0.5000 -9.999 -0.0000 0 49.75
10.000 6.0000 10.000 0.0393 0 -10.000 -0.5000 -9.999 -0.0001 0 49.75
12.000 6.0000 12.000 0.1133 0 -10.000 -0.5000 -9.999 -0.0001 0 49.75
14.000 6.0000 13.999 0.2120 0 -10.000 -0.5000 -9.999 -0.0001 0 49.81
16.000 5.9375 15.999 0.3230 0 -10.000 -0.5000 -10.000 -0.0001 0 49.81
18.000 5.2778 17.999 0.4390 0 -10.000 -0.5000 -9.999 -0.0001 0 49.88
20.000 4.7500 20.000 0.5561 0 -10.000 -0.5000 -9.999 -0.0001 0 49.94
22.000 4.3182 21.999 0.6712 0 -10.000 -0.5000 -9.999 -0.0001 0 50.00
24.000 3.9583 24.000 0.7831 0 -10.000 -0.5000 -9.999 -0.0001 0 50.06
26.000 3.6538 26.000 0.8903 0 -10.000 -0.5000 -9.999 -0.0001 0 50.12
28.000 3.3929 28.000 0.9928 0 -10.000 -0.5000 -9.999 -0.0001 0 50.19
30.000 3.1667 30.000 1.0897 0 -10.000 -0.5000 -9.999 -0.0001 0 50.31
32.000 2.9688 32.000 1.1816 0 -10.000 -0.5000 -10.000 -0.0001 0 50.31
34.000 2.7941 34.000 1.2687 0 -10.000 -0.5000 -9.999 -0.0001 0 50.38
36.000 2.6389 36.000 1.3512 0 -10.000 -0.5000 -9.999 -0.0001 0 50.44
38.000 2.5000 38.000 1.4287 0 -10.000 -0.5000 -9.999 -0.0001 0 50.50
40.000 2.3750 40.001 1.5024 0 -10.000 -0.5000 -9.999 -0.0001 0 50.56
42.000 2.2619 42.000 1.6197 0 -10.000 -0.5000 -9.999 -0.0001 0 49.44
44.000 2.1591 44.001 1.6353 0 -10.000 -0.5000 -9.999 -0.0001 0 50.88
46.000 2.0652 46.000 1.7578 0 -10.000 -0.5000 -10.000 -0.0001 0 49.50
48.000 1.9792 48.000 1.7567 0 -10.000 -0.5000 -9.999 -0.0001 0 50.62
50.000 1.9000 50.000 1.8676 0 -10.000 -0.5000 -10.000 -0.0001 0 49.44
52.000 1.8269 47.921 1.8270 1 -10.000 -0.5000 -9.999 -0.0001 0 49.38
0.000 6.0000 0.000 0.0000 0 -12.000 -0.4167 -12.000 -0.0001 0 50.62
2.000 6.0000 2.001 0.0000 0 -12.000 -0.4167 -12.000 -0.0001 0 49.31
4.000 6.0000 4.001 0.0000 0 -12.000 -0.4167 -12.000 -0.0001 0 49.69
6.000 6.0000 6.001 0.0000 0 -12.000 -0.4167 -12.000 -0.0001 0 49.75
8.000 6.0000 7.999 0.0000 0 -12.000 -0.4167 -12.000 -0.0001 0 49.75
10.000 6.0000 10.000 0.0000 0 -12.000 -0.4167 -12.000 -0.0001 0 49.75
12.000 6.0000 12.000 0.0002 0 -12.000 -0.4167 -12.000 -0.0000 0 49.75
14.000 6.0000 13.999 0.0050 0 -12.000 -0.4167 -12.000 -0.0001 0 49.75
16.000 5.9375 15.999 0.0278 0 -12.000 -0.4167 -12.000 -0.0001 0 49.75
18.000 5.2778 17.999 0.0768 0 -12.000 -0.4167 -12.000 -0.0001 0 49.75
20.000 4.7500 20.000 0.1482 0 -12.000 -0.4167 -12.000 -0.0001 0 49.81
22.000 4.3182 21.999 0.2330 0 -12.000 -0.4167 -12.000 -0.0001 0 49.88
24.000 3.9583 24.000 0.3247 0 -12.000 -0.4167 -11.999 -0.0001 0 49.94
26.000 3.6538 25.999 0.4192 0 -12.000 -0.4167 -12.000 -0.0001 0 49.94
28.000 3.3929 27.999 0.5147 0 -12.000 -0.4167 -12.000 -0.0001 0 50.06
30.000 3.1667 30.000 0.6089 0 -12.000 -0.4167 -12.000 -0.0001 0 50.12
32.000 2.9688 32.000 0.7014 0 -12.000 -0.4167 -12.000 -0.0001 0 50.19
34.000 2.7941 34.000 0.7915 0 -12.000 -0.4167 -12.000 -0.0001 0 50.25
36.000 2.6389 36.000 0.8785 0 -12.000 -0.4167 -12.000 -0.0001 0 50.31
38.000 2.5000 38.000 0.9627 0 -12.000 -0.4167 -12.000 -0.0001 0 50.31
40.000 2.3750 40.000 1.0437 0 -12.000 -0.4167 -12.000 -0.0001 0 50.38
42.000 2.2619 42.000 1.1217 0 -12.000 -0.4167 -12.000 -0.0001 0 50.44
44.000 2.1591 44.001 1.1964 0 -12.000 -0.4167 -12.000 -0.0001 0 50.50
46.000 2.0652 46.000 1.2675 0 -12.000 -0.4167 -12.000 -0.0001 0 50.56
48.000 1.9792 48.000 1.3754 0 -12.000 -0.4167 -12.000 -0.0001 0 49.44
50.000 1.9000 50.000 1.3989 0 -12.000 -0.4167 -12.000 -0.0001 0 50.81
52.000 1.8269 51.999 1.5115 0 -12.000 -0.4167 -12.000 -0.0000 0 49.44
54.000 1.7593 53.998 1.5752 0 -12.000 -0.4167 -12.000 -0.0001 0 49.38
56.000 1.6964 55.998 1.6219 0 -12.000 -0.4167 -12.000 -0.0000 0 49.44
58.000 1.6379 55.849 1.6381 1 -12.000 -0.4167 -12.000 -0.0001 0 49.31
0.000 6.0000 0.000 0.0000 0 -14.000 -0.3571 -13.999 -0.0001 0 49.31
2.000 6.0000 2.001 0.0000 0 -14.000 -0.3571 -13.999 -0.0001 0 49.69
4.000 6.0000 4.001 0.0000 0 -14.000 -0.3571 -13.999 -0.0001 0 49.69
6.000 6.0000 6.001 0.0000 0 -14.000 -0.3571 -13.999 -0.0001 0 49.75
8.000 6.0000 7.999 0.0000 0 -14.000 -0.3571 -13.999 -0.0001 0 49.75
10.000 6.0000 10.000 0.0000 0 -14.000 -0.3571 -13.999 -0.0001 0 49.75
12.000 6.0000 12.000 0.0000 0 -14.000 -0.3571 -13.999 -0.0000 0 49.75
14.000 6.0000 13.999 0.0000 0 -14.000 -0.3571 -13.999 -0.0001 0 49.75
16.000 5.9375 15.999 0.0000 0 -14.000 -0.3571 -13.999 -0.0001 0 49.81
18.000 5.2778 17.999 0.0000 0 -14.000 -0.3571 -13.999 -0.0000 0 49.81
20.000 4.7500 19.999 0.0011 0 -14.000 -0.3571 -14.000 -0.0001 0 49.81
22.000 4.3182 21.999 0.0079 0 -14.000 -0.3571 -13.999 -0.0001 0 49.81
24.000 3.9583 24.000 0.0287 0 -14.000 -0.3571 -13.999 -0.0001 0 49.88
26.000 3.6538 25.999 0.0673 0 -14.000 -0.3571 -13.999 -0.0001 0 49.88
28.000 3.3929 27.999 0.1228 0 -14.000 -0.3571 -13.999 -0.0001 0 49.94
30.000 3.1667 30.000 0.1906 0 -14.000 -0.3571 -13.999 -0.0001 0 49.94
32.000 2.9688 32.000 0.2656 0 -14.000 -0.3571 -14.000 -0.0001 0 50.00
34.000 2.7941 34.000 0.3449 0 -14.000 -0.3571 -13.999 -0.0001 0 50.06
36.000 2.6389 36.000 0.4263 0 -14.000 -0.3571 -13.999 -0.0001 0 50.06
38.000 2.5000 38.000 0.5081 0 -14.000 -0.3571 -13.999 -0.0001 0 50.12
40.000 2.3750 40.001 0.5900 0 -14.000 -0.3571 -13.999 -0.0001 0 50.19
42.000 2.2619 42.000 0.6708 0 -14.000 -0.3571 -13.999 -0.0001 0 50.25
44.000 2.1591 44.001 0.7499 0 -14.000 -0.3571 -13.999 -0.0001 0 50.38
46.000 2.0652 46.000 0.8275 0 -14.000 -0.3571 -13.999 -0.0001 0 50.38
48.000 1.9792 48.000 0.9027 0 -14.000 -0.3571 -13.999 -0.0001 0 50.44
50.000 1.9000 50.000 0.9753 0 -14.000 -0.3571 -14.000 -0.0001 0 50.50
52.000 1.8269 51.999 1.0457 0 -14.000 -0.3571 -13.999 -0.0001 0 50.56
54.000 1.7593 53.999 1.1444 0 -14.000 -0.3571 -14.000 -0.0001 0 49.50
56.000 1.6964 55.998 1.1846 0 -14.000 -0.3571 -13.999 -0.0001 0 49.88
58.000 1.6379 57.998 1.2418 0 -14.000 -0.3571 -14.000 -0.0001 0 50.38
60.000 1.5833 59.998 1.2990 0 -14.000 -0.3571 -13.999 -0.0000 0 50.81
0.000 6.0000 0.000 0.0000 0 -16.000 -0.3125 -15.999 -0.0000 0 49.44
2.000 6.0000 2.001 0.0000 0 -16.000 -0.3125 -15.999 -0.0001 0 49.75
4.000 6.0000 4.001 0.0000 0 -16.000 -0.3125 -15.999 -0.0001 0 49.75
6.000 6.0000 6.001 0.0000 0 -16.000 -0.3125 -15.999 -0.0001 0 49.81
8.000 6.0000 7.999 0.0000 0 -16.000 -0.3125 -15.999 -0.0001 0 49.81
10.000 6.0000 10.000 0.0000 0 -16.000 -0.3125 -15.999 -0.0000 0 49.81
12.000 6.0000 12.000 0.0000 0 -16.000 -0.3125 -15.999 -0.0001 0 49.81
14.000 6.0000 13.999 0.0000 0 -16.000 -0.3125 -15.999 -0.0000 0 49.81
16.000 5.9375 15.999 0.0000 0 -16.000 -0.3125 -15.999 -0.0001 0 49.81
18.000 5.2778 17.999 0.0000 0 -16.000 -0.3125 -15.999 -0.0000 0 49.81
20.000 4.7500 19.999 0.0000 0 -16.000 -0.3125 -15.999 -0.0001 0 49.81
22.000 4.3182 21.999 0.0000 0 -16.000 -0.3125 -15.999 -0.0001 0 49.88
24.000 3.9583 24.000 0.0000 0 -16.000 -0.3125 -15.999 -0.0001 0 49.88
26.000 3.6538 25.999 0.0000 0 -16.000 -0.3125 -15.999 -0.0001 0 49.88
28.000 3.3929 27.999 0.0007 0 -16.000 -0.3125 -15.999 -0.0001 0 49.94
30.000 3.1667 30.000 0.0041 0 -16.000 -0.3125 -15.999 -0.0001 0 49.94
32.000 2.9688 32.000 0.0151 0 -16.000 -0.3125 -15.999 -0.0001 0 49.94
34.000 2.7941 34.000 0.0381 0 -16.000 -0.3125 -16.000 -0.0001 0 49.94
36.000 2.6389 36.000 0.0748 0 -16.000 -0.3125 -15.999 -0.0001 0 49.94
38.000 2.5000 38.000 0.1246 0 -16.000 -0.3125 -15.999 -0.0001 0 49.94
40.000 2.3750 40.001 0.1846 0 -16.000 -0.3125 -15.999 -0.0000 0 50.00
42.000 2.2619 42.000 0.2517 0 -16.000 -0.3125 -15.999 -0.0000 0 50.06
44.000 2.1591 44.001 0.3231 0 -16.000 -0.3125 -15.999 -0.0001 0 50.12
46.000 2.0652 46.000 0.3969 0 -16.000 -0.3125 -15.999 -0.0001 0 50.19
48.000 1.9792 48.000 0.4716 0 -16.000 -0.3125 -15.999 -0.0001 0 50.25
50.000 1.9000 50.000 0.5464 0 -16.000 -0.3125 -15.999 -0.0000 0 50.31
52.000 1.8269 52.000 0.6206 0 -16.000 -0.3125 -15.999 -0.0000 0 50.38
54.000 1.7593 53.999 0.6934 0 -16.000 -0.3125 -15.999 -0.0001 0 50.38
56.000 1.6964 55.998 0.7648 0 -16.000 -0.3125 -15.999 -0.0000 0 50.44
58.000 1.6379 57.998 0.8338 0 -16.000 -0.3125 -15.999 -0.0001 0 50.50
60.000 1.5833 59.998 0.9013 0 -16.000 -0.3125 -15.999 -0.0001 0 50.56
